0 0.249512 0.314453 0.014648 0.011719
0 0.407227 0.281250 0.033203 0.023438
0 0.434082 0.282715 0.016602 0.012695
0 0.583984 0.301270 0.007812 0.004883
0 0.615234 0.282227 0.033203 0.029297
0 0.651367 0.264648 0.027344 0.021484
0 0.774414 0.347168 0.021484 0.020508
0 0.758789 0.379395 0.017578 0.018555
0 0.768066 0.368652 0.008789 0.008789
0 0.770508 0.389648 0.009766 0.011719
0 0.802734 0.391602 0.054688 0.066406
0 0.823730 0.446777 0.036133 0.045898
0 0.877930 0.495117 0.023438 0.041016
0 0.676270 0.520996 0.010742 0.012695
0 0.774414 0.491211 0.011719 0.015625
0 0.840820 0.480957 0.009766 0.012695
0 0.832031 0.491211 0.005859 0.005859
0 0.856445 0.517090 0.005859 0.008789
0 0.856445 0.558594 0.017578 0.027344
0 0.716797 0.490723 0.017578 0.030273
0 0.737793 0.451660 0.020508 0.022461
0 0.772461 0.445801 0.009766 0.010742
0 0.787598 0.451172 0.006836 0.007812
0 0.772949 0.471680 0.006836 0.007812
0 0.737305 0.523926 0.025391 0.028320
0 0.912109 0.581055 0.023438 0.041016
0 0.783203 0.334961 0.013672 0.015625
0 0.701172 0.383789 0.029297 0.027344
0 0.670898 0.437500 0.009766 0.009766
0 0.556152 0.393555 0.006836 0.007812
0 0.579590 0.428711 0.008789 0.009766
0 0.651367 0.515625 0.011719 0.011719
0 0.579102 0.567871 0.052734 0.055664
0 0.864258 0.596680 0.015625 0.027344
0 0.794434 0.643066 0.012695 0.016602
0 0.804688 0.646973 0.007812 0.008789
0 0.749023 0.764648 0.013672 0.013672
0 0.747559 0.782715 0.014648 0.014648
0 0.759277 0.596191 0.036133 0.043945
0 0.815430 0.603516 0.058594 0.083984
0 0.888672 0.633789 0.013672 0.021484
0 0.865234 0.784668 0.011719 0.016602
0 0.724121 0.658691 0.086914 0.102539
0 0.824707 0.826172 0.012695 0.015625
0 0.796387 0.897461 0.075195 0.082031
0 0.817871 0.726562 0.096680 0.136719
0 0.702637 0.750000 0.024414 0.027344
0 0.622559 0.724609 0.014648 0.015625
0 0.709473 0.813477 0.024414 0.027344
0 0.520020 0.524902 0.008789 0.008789
0 0.552246 0.623047 0.010742 0.009766
0 0.454590 0.642578 0.010742 0.011719
0 0.534668 0.730469 0.034180 0.035156
0 0.692871 0.866211 0.024414 0.023438
0 0.705078 0.883789 0.013672 0.013672
0 0.721680 0.894531 0.011719 0.009766
0 0.631348 0.919434 0.043945 0.036133
0 0.670898 0.933594 0.015625 0.013672
0 0.592285 0.910156 0.010742 0.009766
0 0.597168 0.878906 0.006836 0.005859
0 0.542480 0.926270 0.014648 0.010742
0 0.611328 0.966797 0.011719 0.009766
0 0.543945 0.837402 0.021484 0.018555
0 0.512207 0.762695 0.012695 0.013672
0 0.435059 0.826660 0.022461 0.020508
0 0.393066 0.777344 0.010742 0.009766
0 0.405273 0.795410 0.021484 0.020508
0 0.464355 0.952637 0.010742 0.008789
0 0.498047 0.976562 0.029297 0.019531
0 0.500488 0.891113 0.032227 0.026367
0 0.442871 0.932129 0.016602 0.012695
0 0.461914 0.911133 0.007812 0.005859
0 0.343750 0.965332 0.037109 0.026367
0 0.394531 0.938477 0.039062 0.029297
0 0.400879 0.873047 0.026367 0.021484
0 0.333984 0.907227 0.009766 0.007812
0 0.290039 0.919922 0.029297 0.025391
0 0.394043 0.836426 0.016602 0.016602
0 0.216309 0.882324 0.008789 0.010742
0 0.145020 0.880859 0.090820 0.109375
0 0.143066 0.757324 0.032227 0.041992
0 0.159668 0.794434 0.028320 0.034180
0 0.205566 0.789062 0.014648 0.015625
0 0.255859 0.774414 0.013672 0.013672
0 0.175293 0.824219 0.022461 0.027344
0 0.112305 0.803223 0.027344 0.036133
0 0.093750 0.738770 0.017578 0.024414
0 0.093750 0.694336 0.011719 0.015625
0 0.108398 0.664551 0.011719 0.012695
0 0.113770 0.687988 0.020508 0.028320
0 0.156738 0.714844 0.008789 0.009766
0 0.262695 0.723633 0.027344 0.031250
0 0.191895 0.710938 0.028320 0.033203
0 0.252441 0.668945 0.012695 0.013672
0 0.294434 0.621582 0.024414 0.026367
0 0.374023 0.633301 0.017578 0.018555
0 0.392578 0.667969 0.039062 0.041016
0 0.410156 0.402832 0.041016 0.038086
0 0.379395 0.378906 0.010742 0.009766
0 0.342773 0.332520 0.013672 0.010742
0 0.375488 0.418457 0.010742 0.010742
0 0.479980 0.363770 0.120117 0.104492
0 0.314941 0.386230 0.010742 0.010742
0 0.431641 0.442383 0.011719 0.011719
0 0.327148 0.416016 0.031250 0.031250
0 0.278809 0.361328 0.083008 0.078125
0 0.200195 0.380371 0.009766 0.010742
0 0.230957 0.411621 0.010742 0.012695
0 0.257324 0.452148 0.012695 0.015625
0 0.179688 0.462891 0.011719 0.013672
0 0.210449 0.460938 0.045898 0.052734
0 0.211426 0.528320 0.018555 0.023438
0 0.271973 0.508789 0.036133 0.039062
0 0.106445 0.514648 0.017578 0.027344
0 0.122559 0.458984 0.020508 0.033203
0 0.160156 0.583984 0.019531 0.027344
0 0.214355 0.560059 0.006836 0.006836
0 0.171875 0.625000 0.005859 0.007812
0 0.145020 0.606934 0.008789 0.014648
0 0.269531 0.608398 0.009766 0.011719
0 0.288574 0.564453 0.038086 0.041016
0 0.376953 0.529785 0.033203 0.034180
0 0.087402 0.600586 0.010742 0.015625
