0 0.293945 0.300781 0.041016 0.037109
0 0.345703 0.296875 0.021484 0.017578
0 0.371094 0.311035 0.017578 0.014648
0 0.376953 0.324219 0.023438 0.019531
0 0.368652 0.340820 0.012695 0.009766
0 0.312988 0.401855 0.041992 0.041992
0 0.345215 0.450684 0.028320 0.028320
0 0.223145 0.363770 0.020508 0.022461
0 0.231445 0.447266 0.021484 0.021484
0 0.143066 0.451172 0.032227 0.044922
0 0.091797 0.492188 0.021484 0.042969
0 0.212891 0.463379 0.017578 0.020508
0 0.225586 0.478027 0.011719 0.012695
0 0.234375 0.496582 0.007812 0.008789
0 0.283203 0.491699 0.013672 0.016602
0 0.299316 0.501953 0.010742 0.011719
0 0.292969 0.508789 0.005859 0.007812
0 0.185547 0.369629 0.023438 0.028320
0 0.158203 0.382812 0.017578 0.023438
0 0.233887 0.307617 0.022461 0.015625
0 0.543457 0.357910 0.043945 0.038086
0 0.625977 0.312012 0.056641 0.045898
0 0.714844 0.253906 0.103516 0.082031
0 0.727539 0.310059 0.031250 0.028320
0 0.717285 0.328613 0.026367 0.022461
0 0.740234 0.340332 0.019531 0.016602
0 0.675781 0.345703 0.021484 0.021484
0 0.696289 0.374023 0.050781 0.046875
0 0.752441 0.424316 0.022461 0.024414
0 0.827637 0.420410 0.043945 0.059570
0 0.887695 0.429199 0.041016 0.073242
0 0.804688 0.463867 0.013672 0.017578
0 0.849121 0.473633 0.010742 0.013672
0 0.573242 0.391602 0.035156 0.031250
0 0.673340 0.423340 0.043945 0.045898
0 0.707031 0.469238 0.019531 0.022461
0 0.717285 0.494629 0.020508 0.034180
0 0.762695 0.518555 0.011719 0.015625
0 0.805664 0.500488 0.017578 0.022461
0 0.820312 0.521484 0.017578 0.023438
0 0.847168 0.569824 0.014648 0.024414
0 0.825684 0.572754 0.034180 0.045898
0 0.814941 0.597656 0.008789 0.007812
0 0.861328 0.623535 0.013672 0.024414
0 0.840820 0.637695 0.011719 0.015625
0 0.874512 0.701660 0.020508 0.034180
0 0.791016 0.745117 0.019531 0.025391
0 0.783691 0.724121 0.012695 0.014648
0 0.766113 0.735352 0.151367 0.183594
0 0.751465 0.567383 0.016602 0.019531
0 0.666016 0.596191 0.007812 0.008789
0 0.654785 0.566895 0.040039 0.041992
0 0.646973 0.609375 0.014648 0.015625
0 0.652344 0.661133 0.015625 0.017578
0 0.651367 0.527344 0.009766 0.009766
0 0.611816 0.489258 0.032227 0.033203
0 0.634766 0.510254 0.007812 0.008789
0 0.618164 0.448730 0.046875 0.045898
0 0.557617 0.440430 0.046875 0.044922
0 0.432617 0.387207 0.009766 0.008789
0 0.500000 0.434082 0.019531 0.018555
0 0.470215 0.438477 0.016602 0.017578
0 0.447266 0.442871 0.011719 0.012695
0 0.475586 0.483398 0.009766 0.011719
0 0.536133 0.491211 0.029297 0.029297
0 0.540039 0.520996 0.027344 0.028320
0 0.497559 0.578613 0.022461 0.024414
0 0.544434 0.589844 0.024414 0.025391
0 0.581543 0.590332 0.012695 0.012695
0 0.430664 0.575195 0.013672 0.013672
0 0.448242 0.601074 0.017578 0.018555
0 0.403320 0.577637 0.013672 0.014648
0 0.391113 0.585938 0.020508 0.021484
0 0.466309 0.642090 0.016602 0.016602
0 0.527832 0.662109 0.014648 0.015625
0 0.528320 0.687988 0.009766 0.010742
0 0.507324 0.696289 0.016602 0.017578
0 0.506836 0.730957 0.046875 0.045898
0 0.552734 0.742676 0.035156 0.034180
0 0.487305 0.764160 0.041016 0.038086
0 0.560059 0.778809 0.012695 0.012695
0 0.465332 0.676270 0.008789 0.008789
0 0.470703 0.280762 0.017578 0.012695
0 0.415039 0.277344 0.013672 0.009766
0 0.420898 0.452637 0.037109 0.036133
0 0.405273 0.516113 0.070312 0.071289
0 0.065918 0.578613 0.026367 0.057617
0 0.147949 0.602539 0.012695 0.015625
0 0.138184 0.570312 0.014648 0.021484
0 0.252930 0.587402 0.015625 0.018555
0 0.291992 0.583984 0.044922 0.048828
0 0.319824 0.564453 0.006836 0.009766
0 0.313965 0.630859 0.008789 0.009766
0 0.304688 0.644531 0.009766 0.009766
0 0.365723 0.713867 0.014648 0.015625
0 0.334473 0.712891 0.032227 0.033203
0 0.350098 0.743164 0.006836 0.007812
0 0.302246 0.729492 0.012695 0.013672
0 0.300781 0.720215 0.007812 0.008789
0 0.280762 0.699219 0.016602 0.017578
0 0.282227 0.743652 0.023438 0.026367
0 0.303223 0.784180 0.018555 0.019531
0 0.328613 0.787598 0.020508 0.020508
0 0.327637 0.833008 0.014648 0.015625
0 0.424805 0.796387 0.007812 0.006836
0 0.459473 0.814941 0.022461 0.020508
0 0.526367 0.799316 0.005859 0.006836
0 0.627441 0.774902 0.014648 0.014648
0 0.559082 0.803711 0.034180 0.031250
0 0.638184 0.793457 0.006836 0.006836
0 0.648438 0.795898 0.015625 0.015625
0 0.664062 0.798828 0.017578 0.017578
0 0.637207 0.827148 0.012695 0.011719
0 0.564453 0.831055 0.023438 0.019531
0 0.584473 0.856934 0.008789 0.006836
0 0.621582 0.874023 0.010742 0.007812
0 0.767578 0.865234 0.015625 0.013672
0 0.706543 0.853516 0.028320 0.023438
0 0.712891 0.908691 0.054688 0.043945
0 0.661621 0.909668 0.018555 0.018555
0 0.601074 0.912109 0.047852 0.037109
0 0.556641 0.888672 0.005859 0.005859
0 0.527344 0.892090 0.023438 0.018555
0 0.338867 0.816895 0.005859 0.004883
0 0.250000 0.825684 0.023438 0.024414
0 0.223633 0.836426 0.015625 0.016602
0 0.229492 0.859375 0.017578 0.019531
0 0.234375 0.708984 0.011719 0.011719
0 0.144531 0.730469 0.027344 0.037109
0 0.108887 0.622559 0.014648 0.020508
0 0.173340 0.631836 0.008789 0.011719
0 0.066895 0.678711 0.024414 0.042969
0 0.124023 0.791016 0.027344 0.039062
0 0.254883 0.757812 0.005859 0.005859
0 0.161621 0.852539 0.026367 0.035156
0 0.212402 0.901367 0.083008 0.078125
0 0.339355 0.879883 0.018555 0.015625
0 0.360840 0.883301 0.012695 0.010742
0 0.385742 0.919434 0.021484 0.018555
0 0.441895 0.899902 0.026367 0.020508
0 0.458496 0.916504 0.020508 0.014648
0 0.417480 0.924805 0.004883 0.003906
0 0.423828 0.945312 0.017578 0.011719
0 0.444336 0.953613 0.019531 0.014648
0 0.436035 0.967285 0.014648 0.010742
0 0.378418 0.948730 0.010742 0.006836
0 0.352539 0.951172 0.013672 0.009766
0 0.606445 0.958984 0.044922 0.029297
0 0.565918 0.960938 0.030273 0.021484
0 0.534668 0.940918 0.020508 0.016602
0 0.555664 0.991211 0.029297 0.015625
0 0.319824 0.988770 0.038086 0.022461
