0 0.254395 0.320312 0.014648 0.011719
0 0.418945 0.279297 0.033203 0.023438
0 0.448730 0.279785 0.016602 0.012695
0 0.590820 0.301270 0.007812 0.004883
0 0.626953 0.279297 0.033203 0.029297
0 0.658203 0.263672 0.027344 0.021484
0 0.780273 0.356934 0.021484 0.020508
0 0.760742 0.380371 0.017578 0.018555
0 0.773926 0.372559 0.008789 0.008789
0 0.772461 0.389648 0.009766 0.011719
0 0.812012 0.410156 0.061523 0.085938
0 0.877930 0.495117 0.023438 0.041016
0 0.675293 0.523926 0.010742 0.012695
0 0.776367 0.493164 0.011719 0.015625
0 0.840820 0.480957 0.009766 0.012695
0 0.832031 0.491211 0.005859 0.005859
0 0.856445 0.517090 0.005859 0.008789
0 0.856445 0.558594 0.017578 0.027344
0 0.717773 0.491699 0.017578 0.030273
0 0.736816 0.452637 0.020508 0.022461
0 0.772461 0.452637 0.009766 0.010742
0 0.787598 0.458008 0.006836 0.007812
0 0.773926 0.476562 0.006836 0.007812
0 0.737305 0.524902 0.025391 0.028320
0 0.912109 0.581055 0.023438 0.041016
0 0.789062 0.341797 0.013672 0.015625
0 0.701172 0.384766 0.029297 0.027344
0 0.670410 0.440918 0.008789 0.008789
0 0.557129 0.398438 0.006836 0.007812
0 0.579590 0.434570 0.008789 0.009766
0 0.650391 0.519531 0.011719 0.011719
0 0.578125 0.571777 0.052734 0.055664
0 0.864258 0.596680 0.015625 0.027344
0 0.795410 0.641113 0.012695 0.016602
0 0.805664 0.643066 0.007812 0.008789
0 0.748535 0.764648 0.010742 0.013672
0 0.747559 0.782715 0.014648 0.014648
0 0.759277 0.596191 0.036133 0.043945
0 0.815918 0.599609 0.057617 0.082031
0 0.888672 0.633789 0.013672 0.021484
0 0.866211 0.785645 0.011719 0.016602
0 0.724121 0.658691 0.086914 0.102539
0 0.825195 0.825195 0.011719 0.013672
0 0.796387 0.897461 0.075195 0.082031
0 0.817383 0.724121 0.095703 0.135742
0 0.702637 0.750000 0.024414 0.027344
0 0.622559 0.728027 0.014648 0.014648
0 0.708496 0.812500 0.024414 0.027344
0 0.519043 0.527832 0.008789 0.008789
0 0.552246 0.623047 0.010742 0.009766
0 0.452637 0.644531 0.008789 0.009766
0 0.533691 0.732910 0.032227 0.032227
0 0.692871 0.866211 0.024414 0.023438
0 0.705078 0.883789 0.013672 0.013672
0 0.721680 0.894531 0.011719 0.009766
0 0.631348 0.919434 0.043945 0.036133
0 0.670898 0.933594 0.015625 0.013672
0 0.592285 0.910156 0.010742 0.009766
0 0.597168 0.878906 0.006836 0.005859
0 0.542480 0.927246 0.014648 0.010742
0 0.611328 0.966797 0.011719 0.009766
0 0.542969 0.837891 0.019531 0.017578
0 0.511230 0.764648 0.012695 0.013672
0 0.433594 0.826660 0.019531 0.018555
0 0.392090 0.778320 0.010742 0.009766
0 0.403809 0.795898 0.020508 0.019531
0 0.465332 0.952637 0.008789 0.006836
0 0.498535 0.977051 0.026367 0.016602
0 0.500000 0.891602 0.031250 0.025391
0 0.443848 0.932617 0.014648 0.011719
0 0.461914 0.912598 0.005859 0.004883
0 0.346191 0.964844 0.034180 0.025391
0 0.395508 0.937988 0.037109 0.026367
0 0.399902 0.873535 0.024414 0.020508
0 0.333984 0.907227 0.009766 0.007812
0 0.290527 0.918945 0.028320 0.023438
0 0.393555 0.837402 0.015625 0.014648
0 0.216309 0.882324 0.008789 0.010742
0 0.151855 0.885742 0.090820 0.109375
0 0.142090 0.753418 0.032227 0.041992
0 0.158691 0.791504 0.028320 0.034180
0 0.203613 0.786133 0.012695 0.013672
0 0.254395 0.772949 0.010742 0.012695
0 0.172363 0.820801 0.018555 0.022461
0 0.108398 0.800781 0.023438 0.035156
0 0.092773 0.736816 0.017578 0.024414
0 0.093750 0.693359 0.011719 0.013672
0 0.108398 0.664551 0.011719 0.012695
0 0.112305 0.686523 0.017578 0.025391
0 0.156738 0.714844 0.008789 0.009766
0 0.260254 0.722656 0.026367 0.029297
0 0.191895 0.710938 0.028320 0.033203
0 0.252441 0.668945 0.012695 0.013672
0 0.291992 0.622070 0.023438 0.025391
0 0.371094 0.635254 0.017578 0.018555
0 0.392090 0.668945 0.038086 0.039062
0 0.417969 0.405762 0.041016 0.038086
0 0.386719 0.382324 0.009766 0.008789
0 0.356445 0.329102 0.011719 0.009766
0 0.381348 0.423340 0.010742 0.010742
0 0.484863 0.362305 0.118164 0.105469
0 0.324707 0.393066 0.010742 0.010742
0 0.436523 0.447266 0.011719 0.011719
0 0.332520 0.421387 0.030273 0.030273
0 0.300293 0.359375 0.083008 0.078125
0 0.209473 0.377441 0.008789 0.008789
0 0.239746 0.404297 0.008789 0.009766
0 0.257324 0.449219 0.012695 0.015625
0 0.183105 0.458496 0.008789 0.010742
0 0.212402 0.456055 0.045898 0.050781
0 0.210938 0.523926 0.017578 0.020508
0 0.271973 0.508789 0.036133 0.039062
0 0.108398 0.512207 0.017578 0.026367
0 0.125488 0.457031 0.020508 0.027344
0 0.159180 0.581055 0.017578 0.025391
0 0.214355 0.560059 0.006836 0.006836
0 0.170898 0.623047 0.005859 0.007812
0 0.145020 0.604980 0.008789 0.014648
0 0.267578 0.607422 0.009766 0.011719
0 0.285645 0.564453 0.038086 0.041016
0 0.375000 0.532715 0.033203 0.034180
0 0.086426 0.598633 0.008789 0.013672
0 0.807129 0.401855 0.049805 0.059570
0 0.295410 0.247559 0.034180 0.026367
0 0.183105 0.294434 0.028320 0.032227
0 0.227539 0.268555 0.021484 0.021484
0 0.176758 0.321777 0.019531 0.016602
0 0.177734 0.339355 0.011719 0.012695
