0 0.297852 0.296875 0.041016 0.037109
0 0.346680 0.293945 0.021484 0.017578
0 0.370117 0.316895 0.027344 0.024414
0 0.369629 0.335938 0.012695 0.009766
0 0.314941 0.396973 0.040039 0.038086
0 0.347168 0.443848 0.028320 0.028320
0 0.226074 0.354980 0.020508 0.022461
0 0.231445 0.440430 0.021484 0.021484
0 0.146973 0.442383 0.032227 0.044922
0 0.096680 0.483398 0.021484 0.042969
0 0.214844 0.455566 0.017578 0.020508
0 0.226562 0.468262 0.011719 0.012695
0 0.236328 0.486816 0.007812 0.008789
0 0.285156 0.483887 0.013672 0.016602
0 0.300293 0.496094 0.014648 0.015625
0 0.188477 0.362793 0.023438 0.028320
0 0.160156 0.376953 0.017578 0.023438
0 0.233887 0.307617 0.022461 0.015625
0 0.543457 0.353027 0.041992 0.034180
0 0.625977 0.312012 0.056641 0.045898
0 0.710938 0.249023 0.103516 0.082031
0 0.721680 0.307129 0.031250 0.028320
0 0.717285 0.328613 0.026367 0.022461
0 0.733398 0.332520 0.019531 0.016602
0 0.689453 0.362793 0.050781 0.047852
0 0.748535 0.417480 0.022461 0.024414
0 0.820801 0.409668 0.043945 0.059570
0 0.880859 0.417480 0.042969 0.061523
0 0.800781 0.459961 0.013672 0.019531
0 0.845215 0.464844 0.006836 0.009766
0 0.571289 0.383789 0.031250 0.029297
0 0.674316 0.412598 0.043945 0.045898
0 0.700195 0.459473 0.019531 0.022461
0 0.717285 0.494629 0.020508 0.034180
0 0.759766 0.507812 0.011719 0.015625
0 0.804688 0.495605 0.017578 0.022461
0 0.819336 0.511719 0.017578 0.023438
0 0.827637 0.558105 0.034180 0.047852
0 0.814941 0.580078 0.008789 0.007812
0 0.860352 0.610840 0.013672 0.024414
0 0.838867 0.626953 0.011719 0.015625
0 0.875488 0.687012 0.020508 0.034180
0 0.793945 0.721680 0.019531 0.025391
0 0.801270 0.692871 0.012695 0.014648
0 0.768555 0.717773 0.150391 0.185547
0 0.748535 0.556641 0.016602 0.019531
0 0.662109 0.580566 0.007812 0.008789
0 0.651855 0.551270 0.040039 0.041992
0 0.644043 0.594727 0.014648 0.015625
0 0.650391 0.647461 0.015625 0.017578
0 0.646484 0.514648 0.009766 0.009766
0 0.608887 0.475098 0.034180 0.032227
0 0.629883 0.497559 0.007812 0.008789
0 0.618164 0.437988 0.046875 0.045898
0 0.558594 0.433594 0.046875 0.044922
0 0.432617 0.383301 0.009766 0.008789
0 0.500000 0.427246 0.019531 0.018555
0 0.471191 0.432617 0.016602 0.017578
0 0.447266 0.437012 0.011719 0.012695
0 0.478516 0.476074 0.013672 0.012695
0 0.537109 0.482422 0.029297 0.029297
0 0.540039 0.510254 0.027344 0.028320
0 0.496582 0.567871 0.022461 0.024414
0 0.543457 0.578125 0.026367 0.027344
0 0.579590 0.577148 0.014648 0.015625
0 0.428711 0.564453 0.013672 0.013672
0 0.449707 0.588379 0.020508 0.022461
0 0.393555 0.571289 0.023438 0.021484
0 0.466309 0.632324 0.016602 0.016602
0 0.527832 0.649414 0.014648 0.015625
0 0.528320 0.679199 0.009766 0.010742
0 0.509277 0.689453 0.016602 0.017578
0 0.497559 0.731934 0.059570 0.059570
0 0.553711 0.727051 0.035156 0.034180
0 0.563965 0.763184 0.012695 0.012695
0 0.466309 0.660645 0.008789 0.008789
0 0.465820 0.276855 0.017578 0.012695
0 0.410156 0.274414 0.013672 0.009766
0 0.423340 0.446289 0.036133 0.035156
0 0.406250 0.506348 0.070312 0.071289
0 0.068359 0.567383 0.023438 0.050781
0 0.147949 0.590820 0.012695 0.015625
0 0.138184 0.560059 0.010742 0.016602
0 0.256348 0.576660 0.018555 0.020508
0 0.292969 0.572266 0.044922 0.048828
0 0.319824 0.553711 0.006836 0.009766
0 0.313965 0.619141 0.008789 0.009766
0 0.305664 0.632812 0.009766 0.009766
0 0.363770 0.701172 0.014648 0.015625
0 0.334473 0.700195 0.032227 0.033203
0 0.350098 0.730469 0.006836 0.007812
0 0.302246 0.716797 0.014648 0.013672
0 0.280762 0.687500 0.016602 0.017578
0 0.282227 0.730957 0.023438 0.026367
0 0.303223 0.769531 0.018555 0.019531
0 0.328613 0.772949 0.020508 0.020508
0 0.326660 0.818359 0.014648 0.015625
0 0.426758 0.780762 0.007812 0.006836
0 0.462402 0.796387 0.022461 0.020508
0 0.530273 0.785645 0.005859 0.006836
0 0.631348 0.759277 0.014648 0.014648
0 0.562988 0.789062 0.034180 0.031250
0 0.643066 0.775879 0.006836 0.006836
0 0.652832 0.778809 0.016602 0.016602
0 0.669434 0.781738 0.014648 0.014648
0 0.642090 0.808594 0.012695 0.011719
0 0.568359 0.815430 0.023438 0.019531
0 0.589355 0.839844 0.008789 0.007812
0 0.626465 0.855469 0.010742 0.007812
0 0.775391 0.849609 0.015625 0.013672
0 0.713379 0.835938 0.028320 0.023438
0 0.721680 0.889160 0.054688 0.043945
0 0.668457 0.892578 0.018555 0.017578
0 0.605957 0.891602 0.047852 0.041016
0 0.559570 0.871094 0.005859 0.005859
0 0.529785 0.876465 0.024414 0.020508
0 0.337891 0.803223 0.005859 0.004883
0 0.248047 0.812012 0.023438 0.024414
0 0.224609 0.841309 0.013672 0.016602
0 0.234375 0.696289 0.011719 0.011719
0 0.142090 0.715820 0.024414 0.033203
0 0.107910 0.609863 0.014648 0.020508
0 0.174316 0.620117 0.008789 0.011719
0 0.064941 0.664551 0.020508 0.040039
0 0.120117 0.778320 0.027344 0.039062
0 0.253906 0.744141 0.005859 0.005859
0 0.199219 0.879395 0.080078 0.081055
0 0.335449 0.865234 0.018555 0.015625
0 0.358398 0.867188 0.013672 0.011719
0 0.382812 0.902344 0.021484 0.015625
0 0.441895 0.883301 0.026367 0.020508
0 0.458496 0.900879 0.020508 0.014648
0 0.416504 0.909180 0.004883 0.003906
0 0.422852 0.929688 0.017578 0.011719
0 0.442383 0.937012 0.019531 0.014648
0 0.434082 0.951172 0.012695 0.009766
0 0.373535 0.933105 0.010742 0.006836
0 0.346680 0.936035 0.011719 0.006836
0 0.614258 0.941406 0.042969 0.031250
0 0.573730 0.942383 0.030273 0.021484
0 0.539551 0.923340 0.020508 0.016602
0 0.562012 0.976562 0.030273 0.019531
0 0.306152 0.973145 0.032227 0.022461
0 0.158203 0.528320 0.007812 0.009766
0 0.114746 0.501953 0.012695 0.015625
0 0.121582 0.582031 0.012695 0.013672
0 0.276367 0.595215 0.005859 0.004883
0 0.223145 0.820801 0.014648 0.014648
0 0.331543 0.990234 0.022461 0.015625
0 0.503906 0.991699 0.035156 0.016602
0 0.469238 0.823242 0.006836 0.007812
0 0.452637 0.842285 0.006836 0.006836
0 0.312012 0.778809 0.004883 0.004883
0 0.555176 0.434082 0.032227 0.032227
0 0.736816 0.525879 0.006836 0.006836
0 0.773926 0.302246 0.018555 0.024414
