0 0.300781 0.292969 0.039062 0.039062
0 0.347656 0.287109 0.021484 0.017578
0 0.368652 0.311523 0.032227 0.025391
0 0.318848 0.386719 0.043945 0.041016
0 0.351074 0.429199 0.030273 0.028320
0 0.229980 0.341309 0.020508 0.022461
0 0.228027 0.429688 0.028320 0.031250
0 0.152832 0.424805 0.032227 0.044922
0 0.103027 0.463379 0.024414 0.041992
0 0.231445 0.451660 0.015625 0.016602
0 0.240234 0.467285 0.011719 0.012695
0 0.250977 0.425293 0.007812 0.008789
0 0.289062 0.466797 0.017578 0.017578
0 0.303711 0.477051 0.017578 0.016602
0 0.193359 0.348145 0.023438 0.028320
0 0.166992 0.360352 0.017578 0.023438
0 0.241699 0.292969 0.022461 0.015625
0 0.543457 0.353027 0.041992 0.034180
0 0.621094 0.298340 0.056641 0.045898
0 0.702148 0.243164 0.103516 0.082031
0 0.715820 0.304199 0.031250 0.028320
0 0.680664 0.353516 0.050781 0.050781
0 0.742188 0.402344 0.027344 0.027344
0 0.812988 0.397461 0.045898 0.060547
0 0.872559 0.401855 0.045898 0.069336
0 0.796875 0.445801 0.017578 0.020508
0 0.839355 0.447266 0.012695 0.011719
0 0.571289 0.383789 0.031250 0.029297
0 0.668457 0.395996 0.043945 0.043945
0 0.696777 0.443359 0.024414 0.025391
0 0.717285 0.494629 0.020508 0.034180
0 0.754883 0.487305 0.015625 0.021484
0 0.807617 0.486328 0.027344 0.033203
0 0.824219 0.534668 0.035156 0.051758
0 0.856445 0.586914 0.015625 0.025391
0 0.836914 0.602539 0.011719 0.015625
0 0.875977 0.657227 0.021484 0.035156
0 0.770996 0.687988 0.147461 0.188477
0 0.744629 0.534180 0.016602 0.019531
0 0.655273 0.554199 0.007812 0.008789
0 0.647949 0.527832 0.040039 0.041992
0 0.641602 0.569336 0.017578 0.019531
0 0.650879 0.621094 0.018555 0.019531
0 0.641602 0.493164 0.009766 0.009766
0 0.624023 0.473145 0.007812 0.008789
0 0.611328 0.431641 0.054688 0.056641
0 0.555664 0.417480 0.048828 0.041992
0 0.433594 0.372070 0.013672 0.011719
0 0.498535 0.415527 0.022461 0.020508
0 0.469727 0.418945 0.019531 0.019531
0 0.479004 0.458984 0.014648 0.015625
0 0.509277 0.481445 0.016602 0.017578
0 0.538574 0.476562 0.036133 0.039062
0 0.496582 0.545410 0.022461 0.024414
0 0.541992 0.553223 0.029297 0.028320
0 0.578125 0.551270 0.017578 0.018555
0 0.428711 0.541016 0.015625 0.015625
0 0.450684 0.562012 0.020508 0.022461
0 0.394531 0.547852 0.023438 0.021484
0 0.466309 0.632324 0.016602 0.016602
0 0.529297 0.623535 0.019531 0.018555
0 0.529297 0.652832 0.009766 0.010742
0 0.511719 0.661621 0.019531 0.018555
0 0.499023 0.701172 0.060547 0.060547
0 0.552734 0.698242 0.035156 0.035156
0 0.564941 0.737305 0.014648 0.013672
0 0.466309 0.660645 0.008789 0.008789
0 0.460938 0.271973 0.017578 0.012695
0 0.428223 0.431641 0.036133 0.035156
0 0.409668 0.487305 0.071289 0.068359
0 0.070312 0.541016 0.023438 0.050781
0 0.147949 0.565430 0.012695 0.015625
0 0.140137 0.538086 0.014648 0.019531
0 0.259766 0.555176 0.019531 0.026367
0 0.294922 0.550293 0.048828 0.051758
0 0.321777 0.533691 0.010742 0.010742
0 0.313965 0.593750 0.008789 0.009766
0 0.308105 0.606934 0.012695 0.012695
0 0.361328 0.673828 0.017578 0.019531
0 0.333984 0.673340 0.033203 0.036133
0 0.348145 0.701172 0.006836 0.007812
0 0.301758 0.689453 0.015625 0.015625
0 0.281738 0.661621 0.018555 0.020508
0 0.281738 0.703613 0.026367 0.028320
0 0.302734 0.740723 0.019531 0.022461
0 0.325684 0.743164 0.020508 0.025391
0 0.321777 0.787598 0.016602 0.016602
0 0.426758 0.750977 0.007812 0.007812
0 0.463379 0.765137 0.022461 0.020508
0 0.531738 0.753906 0.008789 0.009766
0 0.636719 0.726562 0.015625 0.015625
0 0.566895 0.766113 0.040039 0.038086
0 0.648438 0.775391 0.015625 0.015625
0 0.659668 0.746094 0.018555 0.019531
0 0.677734 0.747559 0.015625 0.016602
0 0.591309 0.805664 0.010742 0.009766
0 0.632812 0.821289 0.009766 0.009766
0 0.784180 0.815430 0.015625 0.013672
0 0.718750 0.801270 0.025391 0.026367
0 0.730469 0.852539 0.050781 0.048828
0 0.679688 0.859863 0.019531 0.018555
0 0.613281 0.855957 0.046875 0.041992
0 0.564453 0.836914 0.005859 0.005859
0 0.533203 0.842285 0.025391 0.020508
0 0.334473 0.771973 0.006836 0.006836
0 0.241211 0.782715 0.023438 0.024414
0 0.214844 0.814453 0.015625 0.017578
0 0.233887 0.670898 0.012695 0.013672
0 0.138184 0.687500 0.024414 0.037109
0 0.108887 0.583496 0.014648 0.020508
0 0.174316 0.594727 0.012695 0.015625
0 0.062988 0.634277 0.020508 0.040039
0 0.111328 0.749023 0.023438 0.035156
0 0.252441 0.715332 0.006836 0.008789
0 0.183105 0.849121 0.075195 0.084961
0 0.328613 0.833496 0.018555 0.016602
0 0.351562 0.836426 0.015625 0.016602
0 0.376953 0.870117 0.023438 0.019531
0 0.438965 0.850098 0.026367 0.020508
0 0.457031 0.867676 0.019531 0.014648
0 0.411621 0.876953 0.004883 0.003906
0 0.417480 0.896973 0.018555 0.014648
0 0.439453 0.904785 0.019531 0.014648
0 0.428223 0.918945 0.012695 0.009766
0 0.364746 0.900879 0.010742 0.006836
0 0.335938 0.904785 0.013672 0.012695
0 0.624512 0.906250 0.043945 0.035156
0 0.573730 0.942383 0.030273 0.021484
0 0.544434 0.889160 0.020508 0.016602
0 0.533691 0.984375 0.047852 0.027344
0 0.282715 0.941406 0.030273 0.023438
0 0.162109 0.509766 0.009766 0.013672
0 0.119141 0.480957 0.013672 0.018555
0 0.125977 0.557617 0.013672 0.017578
0 0.217773 0.792969 0.015625 0.017578
0 0.311035 0.959961 0.022461 0.019531
0 0.506836 0.961914 0.029297 0.019531
0 0.469238 0.791992 0.006836 0.007812
0 0.452637 0.811035 0.006836 0.006836
0 0.555664 0.417969 0.041016 0.037109
0 0.735840 0.472168 0.006836 0.008789
0 0.762207 0.295410 0.018555 0.024414
0 0.367676 0.320312 0.012695 0.007812
0 0.460938 0.316895 0.013672 0.010742
0 0.379395 0.412109 0.006836 0.007812
0 0.103027 0.553223 0.010742 0.018555
0 0.201172 0.630371 0.005859 0.006836
0 0.306152 0.745605 0.008789 0.010742
0 0.708984 0.321777 0.013672 0.016602
0 0.810059 0.489258 0.018555 0.025391
0 0.734863 0.504883 0.006836 0.007812
0 0.395508 0.987793 0.019531 0.012695
0 0.798340 0.683105 0.018555 0.026367
0 0.804199 0.652344 0.010742 0.015625
0 0.914551 0.568848 0.028320 0.051758
0 0.904785 0.710449 0.028320 0.088867
0 0.436035 0.972656 0.032227 0.021484
0 0.583984 0.906250 0.029297 0.025391
