0 0.246582 0.340820 0.014648 0.011719
0 0.416992 0.291504 0.031250 0.022461
0 0.452637 0.288574 0.016602 0.012695
0 0.588867 0.317871 0.007812 0.004883
0 0.631836 0.291992 0.029297 0.029297
0 0.661133 0.274414 0.027344 0.021484
0 0.783203 0.372559 0.019531 0.020508
0 0.759766 0.401367 0.013672 0.019531
0 0.774902 0.395020 0.008789 0.008789
0 0.772461 0.411133 0.007812 0.011719
0 0.817871 0.430664 0.061523 0.085938
0 0.879883 0.515625 0.021484 0.039062
0 0.669434 0.546387 0.010742 0.012695
0 0.775391 0.519531 0.011719 0.015625
0 0.842773 0.500488 0.009766 0.012695
0 0.835938 0.510742 0.005859 0.005859
0 0.856445 0.580566 0.015625 0.026367
0 0.717773 0.491699 0.017578 0.030273
0 0.736816 0.475098 0.020508 0.022461
0 0.774414 0.478027 0.009766 0.010742
0 0.789551 0.482422 0.006836 0.007812
0 0.773926 0.502930 0.006836 0.007812
0 0.736328 0.548340 0.025391 0.028320
0 0.913086 0.607422 0.023438 0.041016
0 0.797852 0.360352 0.013672 0.015625
0 0.701660 0.405762 0.030273 0.030273
0 0.667480 0.464355 0.008789 0.008789
0 0.552246 0.421875 0.006836 0.007812
0 0.572754 0.457031 0.008789 0.009766
0 0.644531 0.542969 0.011719 0.011719
0 0.570801 0.593750 0.053711 0.056641
0 0.862305 0.617188 0.015625 0.027344
0 0.744629 0.779297 0.010742 0.013672
0 0.743652 0.794434 0.014648 0.014648
0 0.812988 0.621094 0.057617 0.082031
0 0.884766 0.655273 0.013672 0.021484
0 0.860352 0.802246 0.011719 0.016602
0 0.726074 0.665039 0.090820 0.115234
0 0.819336 0.836914 0.011719 0.013672
0 0.788574 0.903320 0.075195 0.082031
0 0.811035 0.740723 0.098633 0.133789
0 0.700684 0.762695 0.024414 0.027344
0 0.619629 0.743652 0.014648 0.014648
0 0.703613 0.824219 0.024414 0.027344
0 0.511230 0.550293 0.008789 0.008789
0 0.542480 0.647461 0.010742 0.009766
0 0.443848 0.664062 0.008789 0.009766
0 0.528320 0.750000 0.033203 0.031250
0 0.687012 0.877930 0.024414 0.023438
0 0.698242 0.894531 0.013672 0.013672
0 0.713867 0.903320 0.011719 0.009766
0 0.626465 0.929199 0.041992 0.032227
0 0.663574 0.942871 0.012695 0.010742
0 0.589355 0.919922 0.010742 0.009766
0 0.592285 0.890625 0.006836 0.005859
0 0.538574 0.936035 0.014648 0.010742
0 0.609375 0.973633 0.011719 0.009766
0 0.538574 0.851074 0.020508 0.018555
0 0.505859 0.779297 0.013672 0.011719
0 0.428223 0.838867 0.020508 0.019531
0 0.388184 0.791992 0.010742 0.009766
0 0.399414 0.809082 0.021484 0.020508
0 0.463867 0.958008 0.011719 0.007812
0 0.497559 0.981934 0.030273 0.018555
0 0.496094 0.902344 0.031250 0.025391
0 0.441895 0.939941 0.016602 0.012695
0 0.459961 0.921387 0.005859 0.004883
0 0.348633 0.967773 0.037109 0.027344
0 0.396484 0.943848 0.037109 0.026367
0 0.397949 0.882324 0.024414 0.020508
0 0.333008 0.914062 0.009766 0.007812
0 0.291992 0.923340 0.029297 0.024414
0 0.391113 0.848633 0.016602 0.015625
0 0.215332 0.883789 0.012695 0.015625
0 0.154785 0.888672 0.090820 0.109375
0 0.151855 0.786133 0.041992 0.056641
0 0.203125 0.796875 0.013672 0.015625
0 0.250977 0.781738 0.013672 0.014648
0 0.108398 0.808594 0.023438 0.035156
0 0.092773 0.746582 0.017578 0.024414
0 0.095703 0.707031 0.011719 0.013672
0 0.108398 0.683105 0.011719 0.012695
0 0.113281 0.702148 0.017578 0.025391
0 0.152832 0.725586 0.008789 0.009766
0 0.256348 0.733887 0.028320 0.030273
0 0.187988 0.718750 0.028320 0.033203
0 0.244629 0.679688 0.012695 0.013672
0 0.284180 0.634766 0.025391 0.027344
0 0.364258 0.652832 0.017578 0.018555
0 0.385254 0.684570 0.038086 0.039062
0 0.416992 0.425293 0.039062 0.036133
0 0.382812 0.405762 0.009766 0.008789
0 0.358398 0.340820 0.011719 0.009766
0 0.375488 0.444824 0.010742 0.010742
0 0.481934 0.378906 0.118164 0.105469
0 0.427734 0.467773 0.011719 0.011719
0 0.325684 0.442871 0.030273 0.030273
0 0.308105 0.375000 0.083008 0.078125
0 0.207520 0.392090 0.008789 0.008789
0 0.240723 0.413086 0.008789 0.009766
0 0.250488 0.460938 0.012695 0.015625
0 0.181152 0.471191 0.008789 0.010742
0 0.208496 0.467773 0.043945 0.052734
0 0.205078 0.535645 0.017578 0.020508
0 0.271973 0.508789 0.036133 0.039062
0 0.104492 0.525879 0.017578 0.026367
0 0.120605 0.470703 0.020508 0.027344
0 0.155762 0.594238 0.018555 0.026367
0 0.214355 0.560059 0.006836 0.006836
0 0.166992 0.634766 0.005859 0.007812
0 0.143066 0.616699 0.008789 0.014648
0 0.260742 0.621094 0.009766 0.011719
0 0.276855 0.579590 0.036133 0.041992
0 0.365234 0.551270 0.033203 0.034180
0 0.084473 0.611328 0.008789 0.013672
0 0.812988 0.421875 0.053711 0.062500
0 0.321777 0.412598 0.010742 0.010742
0 0.320801 0.955078 0.008789 0.007812
0 0.653809 0.969238 0.012695 0.010742
0 0.330566 0.248047 0.036133 0.021484
0 0.282715 0.265625 0.040039 0.029297
0 0.541504 0.222168 0.051758 0.028320
0 0.590820 0.266602 0.019531 0.013672
