0 0.160156 0.409180 0.037109 0.044922
0 0.109375 0.447266 0.029297 0.046875
0 0.231445 0.418457 0.033203 0.036133
0 0.243164 0.444336 0.013672 0.013672
0 0.323242 0.375977 0.046875 0.041016
0 0.364746 0.305664 0.038086 0.031250
0 0.354980 0.415527 0.034180 0.032227
0 0.382324 0.400879 0.006836 0.006836
0 0.434082 0.364258 0.016602 0.013672
0 0.460938 0.310059 0.017578 0.014648
0 0.430176 0.419922 0.040039 0.037109
0 0.500488 0.406250 0.024414 0.023438
0 0.470703 0.409180 0.027344 0.025391
0 0.517090 0.348633 0.014648 0.013672
0 0.552734 0.350098 0.056641 0.047852
0 0.557129 0.405273 0.047852 0.042969
0 0.609863 0.412109 0.055664 0.054688
0 0.606445 0.322754 0.013672 0.010742
0 0.616211 0.288086 0.054688 0.042969
0 0.670898 0.355957 0.068359 0.065430
0 0.807617 0.384277 0.050781 0.061523
0 0.856445 0.384277 0.046875 0.069336
0 0.738281 0.391602 0.027344 0.027344
0 0.703613 0.306641 0.036133 0.035156
0 0.685547 0.423340 0.027344 0.026367
0 0.748047 0.468750 0.017578 0.021484
0 0.729492 0.484863 0.009766 0.012695
0 0.716797 0.494141 0.021484 0.033203
0 0.740234 0.515137 0.019531 0.022461
0 0.803711 0.472168 0.027344 0.034180
0 0.818359 0.514160 0.039062 0.051758
0 0.791504 0.433594 0.020508 0.025391
0 0.851562 0.565430 0.017578 0.025391
0 0.833008 0.580078 0.013672 0.017578
0 0.873535 0.634277 0.022461 0.038086
0 0.772461 0.660645 0.150391 0.192383
0 0.725098 0.768555 0.026367 0.027344
0 0.792969 0.784668 0.013672 0.014648
0 0.665039 0.715820 0.019531 0.021484
0 0.683594 0.717285 0.015625 0.016602
0 0.641113 0.698242 0.016602 0.017578
0 0.653809 0.743652 0.016602 0.016602
0 0.638184 0.789062 0.010742 0.009766
0 0.740234 0.819824 0.050781 0.051758
0 0.690918 0.827637 0.020508 0.020508
0 0.708984 0.825195 0.007812 0.007812
0 0.621094 0.822266 0.048828 0.044922
0 0.647949 0.801758 0.006836 0.005859
0 0.596680 0.773926 0.011719 0.010742
0 0.570801 0.734863 0.040039 0.041992
0 0.568848 0.707031 0.016602 0.015625
0 0.536133 0.723633 0.009766 0.009766
0 0.569336 0.806152 0.007812 0.006836
0 0.536621 0.811523 0.026367 0.023438
0 0.550293 0.856445 0.022461 0.017578
0 0.593750 0.873047 0.033203 0.027344
0 0.634766 0.874023 0.044922 0.039062
0 0.581055 0.909668 0.033203 0.026367
0 0.653320 0.974609 0.031250 0.025391
0 0.543457 0.953125 0.051758 0.035156
0 0.533203 0.990723 0.037109 0.018555
0 0.489258 0.967285 0.031250 0.020508
0 0.510742 0.929199 0.029297 0.022461
0 0.432617 0.940918 0.033203 0.024414
0 0.383301 0.959961 0.018555 0.013672
0 0.436523 0.872559 0.017578 0.014648
0 0.425293 0.886719 0.010742 0.009766
0 0.439453 0.819336 0.025391 0.023438
0 0.457520 0.835449 0.020508 0.016602
0 0.373535 0.839844 0.022461 0.021484
0 0.409668 0.845215 0.004883 0.004883
0 0.416504 0.865723 0.018555 0.016602
0 0.358887 0.869141 0.010742 0.007812
0 0.328613 0.872559 0.014648 0.012695
0 0.309570 0.838379 0.005859 0.004883
0 0.332520 0.815918 0.004883 0.004883
0 0.348145 0.804688 0.014648 0.015625
0 0.323242 0.802734 0.017578 0.017578
0 0.266113 0.907227 0.030273 0.027344
0 0.292969 0.925781 0.023438 0.019531
0 0.171387 0.815918 0.077148 0.094727
0 0.208008 0.784180 0.015625 0.021484
0 0.212891 0.764648 0.015625 0.017578
0 0.235840 0.753418 0.024414 0.026367
0 0.320801 0.757812 0.016602 0.017578
0 0.333496 0.743164 0.004883 0.005859
0 0.304688 0.288086 0.048828 0.044922
0 0.292480 0.449219 0.020508 0.021484
0 0.307129 0.458496 0.016602 0.018555
0 0.412109 0.469238 0.072266 0.069336
0 0.318359 0.517090 0.009766 0.010742
0 0.481445 0.443848 0.013672 0.014648
0 0.510742 0.464355 0.013672 0.014648
0 0.540039 0.458984 0.035156 0.037109
0 0.621094 0.452637 0.007812 0.008789
0 0.638672 0.473633 0.013672 0.013672
0 0.644531 0.504395 0.041016 0.043945
0 0.652832 0.528809 0.008789 0.008789
0 0.640137 0.543945 0.018555 0.023438
0 0.730957 0.455078 0.014648 0.017578
0 0.734863 0.557617 0.012695 0.013672
0 0.576172 0.527344 0.017578 0.017578
0 0.650879 0.595215 0.020508 0.020508
0 0.540039 0.532715 0.031250 0.030273
0 0.496094 0.525391 0.025391 0.025391
0 0.489258 0.554199 0.029297 0.032227
0 0.453125 0.540039 0.027344 0.025391
0 0.289551 0.528320 0.047852 0.052734
0 0.317383 0.570801 0.009766 0.010742
0 0.396973 0.525879 0.020508 0.022461
0 0.429199 0.521484 0.018555 0.019531
0 0.312500 0.582520 0.011719 0.012695
0 0.471680 0.578125 0.021484 0.023438
0 0.529297 0.601562 0.023438 0.025391
0 0.526855 0.629883 0.008789 0.009766
0 0.556152 0.672363 0.038086 0.038086
0 0.503418 0.672852 0.061523 0.062500
0 0.465332 0.735352 0.024414 0.023438
0 0.471680 0.761230 0.011719 0.010742
0 0.429199 0.721680 0.006836 0.007812
0 0.455078 0.780762 0.005859 0.006836
0 0.361328 0.647949 0.019531 0.020508
0 0.334961 0.647461 0.033203 0.037109
0 0.349121 0.673828 0.008789 0.009766
0 0.283691 0.637207 0.018555 0.020508
0 0.302246 0.663574 0.016602 0.018555
0 0.282227 0.676758 0.025391 0.027344
0 0.303711 0.711426 0.017578 0.020508
0 0.324707 0.713867 0.024414 0.025391
0 0.252441 0.689453 0.006836 0.009766
0 0.235352 0.646484 0.015625 0.017578
0 0.203613 0.604980 0.006836 0.006836
0 0.135742 0.659180 0.029297 0.041016
0 0.104980 0.718262 0.028320 0.040039
0 0.215820 0.711426 0.005859 0.006836
0 0.177246 0.569824 0.014648 0.016602
0 0.195801 0.534668 0.006836 0.006836
0 0.166016 0.489746 0.009766 0.012695
0 0.125000 0.460449 0.011719 0.016602
0 0.142090 0.516113 0.014648 0.018555
0 0.149902 0.541992 0.014648 0.019531
0 0.111816 0.557129 0.014648 0.024414
0 0.254883 0.409668 0.013672 0.018555
0 0.196289 0.337891 0.027344 0.027344
0 0.232910 0.332520 0.026367 0.024414
0 0.243652 0.288574 0.020508 0.020508
0 0.172852 0.347168 0.015625 0.016602
0 0.259277 0.371582 0.008789 0.010742
0 0.076172 0.519043 0.027344 0.053711
0 0.107422 0.532227 0.013672 0.019531
0 0.129883 0.536621 0.015625 0.022461
0 0.062500 0.607422 0.025391 0.044922
0 0.088379 0.543457 0.010742 0.018555
0 0.201660 0.899902 0.020508 0.020508
0 0.231445 0.846191 0.007812 0.008789
0 0.153320 0.734375 0.007812 0.009766
0 0.912598 0.548340 0.026367 0.053711
0 0.879883 0.475586 0.025391 0.035156
0 0.833008 0.432129 0.011719 0.010742
0 0.853027 0.473633 0.014648 0.021484
0 0.836426 0.481445 0.010742 0.013672
0 0.909180 0.678711 0.029297 0.107422
0 0.863770 0.779297 0.020508 0.025391
0 0.721191 0.888672 0.010742 0.011719
0 0.728516 0.865723 0.009766 0.008789
0 0.696777 0.916504 0.006836 0.008789
0 0.653809 0.910645 0.032227 0.028320
0 0.628418 0.962891 0.024414 0.021484
0 0.693359 0.242188 0.111328 0.080078
