0 0.241211 0.368164 0.013672 0.013672
0 0.415039 0.310059 0.031250 0.024414
0 0.457031 0.305176 0.015625 0.012695
0 0.638184 0.313477 0.028320 0.023438
0 0.674316 0.293457 0.028320 0.024414
0 0.787109 0.399414 0.017578 0.021484
0 0.760742 0.430664 0.013672 0.019531
0 0.776855 0.424316 0.008789 0.008789
0 0.774414 0.440430 0.007812 0.011719
0 0.821289 0.457520 0.062500 0.088867
0 0.880859 0.543945 0.021484 0.039062
0 0.666504 0.575195 0.012695 0.013672
0 0.774414 0.548340 0.011719 0.014648
0 0.843750 0.530762 0.009766 0.012695
0 0.835938 0.541992 0.005859 0.005859
0 0.854492 0.610840 0.015625 0.026367
0 0.717773 0.491699 0.017578 0.030273
0 0.734863 0.502441 0.020508 0.022461
0 0.775391 0.509766 0.009766 0.011719
0 0.791504 0.512695 0.006836 0.009766
0 0.773926 0.534180 0.006836 0.007812
0 0.733398 0.576660 0.023438 0.028320
0 0.908203 0.636230 0.019531 0.040039
0 0.805664 0.386230 0.013672 0.014648
0 0.701660 0.432129 0.030273 0.030273
0 0.664551 0.494629 0.008789 0.008789
0 0.550293 0.450684 0.010742 0.008789
0 0.569336 0.486328 0.009766 0.009766
0 0.641113 0.573242 0.012695 0.013672
0 0.566895 0.621094 0.053711 0.056641
0 0.856445 0.645508 0.015625 0.027344
0 0.740234 0.802246 0.017578 0.020508
0 0.808105 0.647949 0.057617 0.084961
0 0.879883 0.680664 0.013672 0.021484
0 0.848145 0.821777 0.014648 0.018555
0 0.721680 0.688477 0.091797 0.115234
0 0.806641 0.852539 0.011719 0.013672
0 0.779297 0.910645 0.080078 0.079102
0 0.802734 0.759766 0.101562 0.132812
0 0.699219 0.780273 0.027344 0.027344
0 0.616211 0.765137 0.017578 0.018555
0 0.700195 0.839355 0.025391 0.026367
0 0.507324 0.577637 0.008789 0.008789
0 0.538574 0.670898 0.010742 0.009766
0 0.437988 0.685547 0.010742 0.011719
0 0.523926 0.770020 0.034180 0.032227
0 0.681641 0.891602 0.025391 0.023438
0 0.691406 0.905273 0.013672 0.013672
0 0.707031 0.914062 0.011719 0.009766
0 0.622559 0.938965 0.043945 0.032227
0 0.654785 0.952637 0.012695 0.010742
0 0.588379 0.932129 0.012695 0.010742
0 0.589355 0.905273 0.006836 0.005859
0 0.536621 0.945312 0.016602 0.011719
0 0.603516 0.980469 0.011719 0.009766
0 0.535645 0.866699 0.022461 0.018555
0 0.503906 0.797363 0.015625 0.014648
0 0.425293 0.853516 0.024414 0.021484
0 0.395020 0.822266 0.026367 0.025391
0 0.463867 0.965820 0.011719 0.007812
0 0.499512 0.985840 0.030273 0.018555
0 0.494629 0.914551 0.034180 0.026367
0 0.441895 0.949219 0.020508 0.015625
0 0.459473 0.931152 0.006836 0.004883
0 0.356445 0.971680 0.037109 0.027344
0 0.399414 0.951660 0.037109 0.026367
0 0.399414 0.894043 0.029297 0.022461
0 0.336914 0.923828 0.009766 0.007812
0 0.297852 0.932129 0.029297 0.024414
0 0.392090 0.862793 0.018555 0.016602
0 0.213379 0.892578 0.012695 0.015625
0 0.164551 0.895508 0.090820 0.109375
0 0.155762 0.801758 0.041992 0.056641
0 0.203125 0.808594 0.013672 0.015625
0 0.250977 0.794922 0.015625 0.017578
0 0.119629 0.828125 0.024414 0.029297
0 0.101074 0.768555 0.016602 0.023438
0 0.103516 0.728516 0.011719 0.013672
0 0.116699 0.719238 0.018555 0.030273
0 0.155762 0.743164 0.008789 0.009766
0 0.253906 0.750000 0.029297 0.031250
0 0.187988 0.735840 0.028320 0.034180
0 0.242676 0.697754 0.014648 0.016602
0 0.279785 0.652832 0.026367 0.028320
0 0.360352 0.676270 0.021484 0.022461
0 0.381348 0.704102 0.038086 0.039062
0 0.417969 0.452148 0.041016 0.039062
0 0.380859 0.436035 0.009766 0.008789
0 0.355469 0.358887 0.011719 0.010742
0 0.371582 0.471191 0.010742 0.010742
0 0.481934 0.404785 0.118164 0.108398
0 0.421875 0.493164 0.011719 0.011719
0 0.320801 0.465332 0.032227 0.032227
0 0.317383 0.401367 0.083984 0.082031
0 0.206543 0.414551 0.008789 0.010742
0 0.242676 0.430664 0.010742 0.011719
0 0.248047 0.477051 0.015625 0.016602
0 0.206543 0.487793 0.045898 0.055664
0 0.203125 0.554688 0.017578 0.023438
0 0.261719 0.543457 0.035156 0.040039
0 0.104492 0.545410 0.017578 0.026367
0 0.119629 0.490234 0.020508 0.027344
0 0.155762 0.612793 0.018555 0.026367
0 0.214355 0.560059 0.006836 0.006836
0 0.166992 0.652832 0.007812 0.010742
0 0.145508 0.634766 0.009766 0.015625
0 0.258789 0.639648 0.009766 0.011719
0 0.272461 0.600098 0.037109 0.041992
0 0.358398 0.574219 0.033203 0.035156
0 0.087402 0.633789 0.008789 0.013672
0 0.816895 0.447266 0.053711 0.068359
0 0.330566 0.961914 0.008789 0.007812
0 0.645996 0.976074 0.012695 0.010742
0 0.524414 0.958984 0.009766 0.007812
0 0.324707 0.884766 0.006836 0.007812
0 0.228027 0.649414 0.008789 0.011719
0 0.181641 0.562988 0.007812 0.008789
0 0.314941 0.266602 0.034180 0.027344
0 0.266602 0.288574 0.037109 0.032227
0 0.550293 0.234375 0.049805 0.029297
0 0.584961 0.288086 0.021484 0.015625
0 0.447754 0.277344 0.010742 0.009766
0 0.858887 0.571777 0.008789 0.010742
