0 0.165039 0.397949 0.033203 0.041992
0 0.116699 0.432617 0.026367 0.041016
0 0.237305 0.404785 0.031250 0.034180
0 0.247070 0.432617 0.013672 0.013672
0 0.323242 0.375977 0.046875 0.041016
0 0.363281 0.298828 0.033203 0.031250
0 0.354980 0.415527 0.034180 0.032227
0 0.384277 0.388184 0.006836 0.006836
0 0.437988 0.358398 0.016602 0.013672
0 0.459961 0.306152 0.017578 0.014648
0 0.498535 0.396484 0.028320 0.021484
0 0.470703 0.400391 0.027344 0.025391
0 0.548340 0.343750 0.057617 0.048828
0 0.557129 0.394531 0.047852 0.042969
0 0.606934 0.399414 0.055664 0.054688
0 0.605469 0.318848 0.013672 0.010742
0 0.610352 0.286133 0.054688 0.042969
0 0.665039 0.349121 0.068359 0.065430
0 0.803223 0.374512 0.047852 0.055664
0 0.846191 0.372070 0.049805 0.066406
0 0.736328 0.381836 0.027344 0.027344
0 0.698730 0.303711 0.036133 0.035156
0 0.682617 0.411621 0.027344 0.026367
0 0.744141 0.456055 0.017578 0.021484
0 0.727539 0.471191 0.009766 0.012695
0 0.718262 0.492188 0.018555 0.029297
0 0.736816 0.499512 0.018555 0.020508
0 0.812012 0.486328 0.043945 0.064453
0 0.789551 0.425781 0.020508 0.025391
0 0.846680 0.549805 0.017578 0.025391
0 0.873535 0.615723 0.022461 0.038086
0 0.772461 0.637207 0.148438 0.188477
0 0.730957 0.742188 0.026367 0.027344
0 0.798828 0.758301 0.013672 0.014648
0 0.668945 0.693359 0.021484 0.023438
0 0.689453 0.694824 0.015625 0.016602
0 0.645508 0.674316 0.017578 0.020508
0 0.667480 0.746094 0.010742 0.009766
0 0.643066 0.765625 0.010742 0.009766
0 0.746094 0.792480 0.050781 0.051758
0 0.700684 0.801270 0.020508 0.020508
0 0.716797 0.799316 0.007812 0.006836
0 0.626465 0.796387 0.047852 0.045898
0 0.652832 0.777344 0.006836 0.005859
0 0.600586 0.747559 0.011719 0.010742
0 0.573242 0.703613 0.041016 0.040039
0 0.536621 0.698730 0.012695 0.014648
0 0.575195 0.779785 0.007812 0.006836
0 0.541504 0.785645 0.024414 0.024414
0 0.556152 0.830566 0.020508 0.016602
0 0.602539 0.844727 0.033203 0.027344
0 0.641602 0.847656 0.044922 0.039062
0 0.588867 0.882324 0.033203 0.026367
0 0.671875 0.952148 0.031250 0.025391
0 0.550293 0.926758 0.051758 0.035156
0 0.539551 0.968262 0.032227 0.018555
0 0.492676 0.938965 0.026367 0.018555
0 0.515625 0.902832 0.029297 0.022461
0 0.431641 0.913574 0.033203 0.024414
0 0.377441 0.936523 0.018555 0.013672
0 0.437500 0.846680 0.019531 0.013672
0 0.426270 0.861328 0.010742 0.009766
0 0.440918 0.793457 0.024414 0.024414
0 0.461426 0.811035 0.020508 0.016602
0 0.372559 0.814453 0.022461 0.021484
0 0.410645 0.819824 0.004883 0.004883
0 0.416504 0.840332 0.018555 0.016602
0 0.356445 0.844238 0.009766 0.008789
0 0.324707 0.847168 0.014648 0.012695
0 0.287109 0.831543 0.005859 0.004883
0 0.331543 0.790527 0.004883 0.004883
0 0.347168 0.780273 0.014648 0.015625
0 0.322754 0.777832 0.018555 0.018555
0 0.255371 0.879395 0.030273 0.028320
0 0.281250 0.896973 0.019531 0.016602
0 0.166504 0.789551 0.077148 0.094727
0 0.205078 0.759766 0.015625 0.021484
0 0.211914 0.741211 0.015625 0.017578
0 0.234863 0.729980 0.024414 0.026367
0 0.320801 0.733398 0.016602 0.017578
0 0.335449 0.720703 0.004883 0.005859
0 0.307617 0.283203 0.048828 0.044922
0 0.302246 0.439453 0.026367 0.025391
0 0.417969 0.444336 0.078125 0.078125
0 0.487305 0.431152 0.013672 0.014648
0 0.514648 0.452637 0.013672 0.014648
0 0.539551 0.444824 0.034180 0.034180
0 0.620117 0.437988 0.007812 0.008789
0 0.635742 0.459961 0.013672 0.013672
0 0.643555 0.489258 0.041016 0.041016
0 0.640137 0.525391 0.022461 0.023438
0 0.729004 0.440430 0.014648 0.017578
0 0.731934 0.541016 0.012695 0.013672
0 0.576172 0.509766 0.017578 0.017578
0 0.651855 0.576660 0.020508 0.020508
0 0.541016 0.516113 0.031250 0.030273
0 0.492676 0.525879 0.040039 0.038086
0 0.452148 0.520996 0.023438 0.024414
0 0.294434 0.512207 0.047852 0.051758
0 0.322266 0.552246 0.009766 0.010742
0 0.400391 0.505859 0.019531 0.019531
0 0.430176 0.500977 0.018555 0.017578
0 0.317383 0.563965 0.011719 0.012695
0 0.474121 0.556641 0.018555 0.017578
0 0.531250 0.581543 0.021484 0.022461
0 0.528809 0.611328 0.008789 0.009766
0 0.557617 0.651367 0.037109 0.039062
0 0.506348 0.651367 0.061523 0.062500
0 0.469238 0.710938 0.022461 0.021484
0 0.475586 0.734863 0.011719 0.010742
0 0.432129 0.698242 0.008789 0.007812
0 0.458984 0.756348 0.005859 0.006836
0 0.345703 0.626465 0.037109 0.038086
0 0.350098 0.654297 0.008789 0.009766
0 0.287598 0.617676 0.018555 0.020508
0 0.305176 0.642090 0.016602 0.018555
0 0.285645 0.655273 0.026367 0.029297
0 0.304199 0.687988 0.018555 0.016602
0 0.326660 0.691406 0.024414 0.025391
0 0.254883 0.666016 0.007812 0.009766
0 0.238281 0.625977 0.015625 0.017578
0 0.207520 0.586426 0.006836 0.006836
0 0.136230 0.636230 0.026367 0.040039
0 0.101562 0.691895 0.023438 0.038086
0 0.216797 0.688965 0.005859 0.006836
0 0.180176 0.550781 0.012695 0.019531
0 0.198730 0.518066 0.006836 0.006836
0 0.169922 0.476074 0.009766 0.012695
0 0.130859 0.444824 0.011719 0.016602
0 0.145996 0.500488 0.014648 0.018555
0 0.153809 0.523438 0.014648 0.019531
0 0.115234 0.535645 0.015625 0.024414
0 0.715332 0.720215 0.010742 0.010742
0 0.657715 0.716797 0.020508 0.021484
0 0.722656 0.773926 0.007812 0.008789
0 0.676270 0.758301 0.006836 0.008789
0 0.826172 0.419434 0.009766 0.010742
0 0.833008 0.466309 0.011719 0.016602
0 0.563965 0.739258 0.008789 0.007812
0 0.641113 0.936035 0.018555 0.018555
0 0.363281 0.982422 0.041016 0.027344
0 0.307617 0.812500 0.005859 0.005859
0 0.132812 0.520020 0.015625 0.024414
0 0.110840 0.511230 0.014648 0.020508
0 0.080078 0.500488 0.031250 0.055664
0 0.071289 0.638184 0.025391 0.026367
0 0.192871 0.331055 0.030273 0.039062
0 0.237305 0.325195 0.031250 0.031250
0 0.246582 0.281250 0.020508 0.015625
0 0.064453 0.584961 0.027344 0.046875
0 0.061523 0.682129 0.019531 0.024414
0 0.871094 0.747559 0.021484 0.028320
0 0.909180 0.531738 0.023438 0.049805
0 0.834473 0.856445 0.022461 0.029297
0 0.762695 0.916504 0.021484 0.022461
0 0.731934 0.862793 0.012695 0.012695
0 0.737305 0.838867 0.011719 0.011719
0 0.762695 0.809570 0.009766 0.017578
0 0.709473 0.892578 0.012695 0.011719
0 0.911133 0.649902 0.033203 0.112305
0 0.682617 0.234863 0.107422 0.081055
0 0.744141 0.276855 0.023438 0.020508
