0 0.196777 0.321777 0.032227 0.038086
0 0.238770 0.317383 0.032227 0.029297
0 0.247070 0.275879 0.015625 0.018555
0 0.308105 0.279297 0.049805 0.042969
0 0.358887 0.301758 0.032227 0.021484
0 0.332031 0.360840 0.048828 0.041992
0 0.361816 0.395508 0.036133 0.033203
0 0.387695 0.382324 0.007812 0.008789
0 0.439941 0.352539 0.018555 0.017578
0 0.486328 0.388672 0.042969 0.039062
0 0.490723 0.419922 0.014648 0.015625
0 0.514160 0.438965 0.012695 0.012695
0 0.537598 0.432129 0.036133 0.034180
0 0.423828 0.431152 0.078125 0.079102
0 0.434082 0.487305 0.022461 0.023438
0 0.404785 0.490723 0.020508 0.020508
0 0.457031 0.504395 0.029297 0.030273
0 0.492676 0.509766 0.036133 0.033203
0 0.540039 0.501953 0.033203 0.033203
0 0.574707 0.495605 0.020508 0.020508
0 0.642090 0.470703 0.043945 0.042969
0 0.640625 0.506836 0.025391 0.029297
0 0.621094 0.425293 0.011719 0.012695
0 0.588379 0.386719 0.075195 0.064453
0 0.574219 0.383301 0.033203 0.030273
0 0.542969 0.334961 0.058594 0.048828
0 0.660156 0.341797 0.068359 0.064453
0 0.606445 0.280762 0.058594 0.041992
0 0.458984 0.301270 0.025391 0.018555
0 0.602539 0.309570 0.019531 0.015625
0 0.730469 0.370605 0.031250 0.032227
0 0.687012 0.300781 0.041992 0.029297
0 0.676270 0.399414 0.030273 0.031250
0 0.797363 0.364746 0.049805 0.057617
0 0.838867 0.363770 0.052734 0.067383
0 0.806152 0.472656 0.045898 0.066406
0 0.827148 0.452637 0.011719 0.016602
0 0.842285 0.445801 0.014648 0.020508
0 0.869141 0.443848 0.029297 0.036133
0 0.904297 0.514160 0.033203 0.057617
0 0.842285 0.533203 0.018555 0.029297
0 0.869629 0.594238 0.024414 0.041992
0 0.912598 0.630859 0.030273 0.119141
0 0.803711 0.573242 0.011719 0.015625
0 0.803711 0.602539 0.017578 0.025391
0 0.771484 0.623535 0.150391 0.202148
0 0.745117 0.582031 0.007812 0.009766
0 0.742188 0.594238 0.005859 0.006836
0 0.875488 0.723633 0.016602 0.029297
0 0.745605 0.767090 0.049805 0.055664
0 0.847168 0.830566 0.018555 0.020508
0 0.708008 0.774902 0.021484 0.026367
0 0.632812 0.771973 0.048828 0.049805
0 0.647949 0.743652 0.012695 0.012695
0 0.656250 0.753906 0.007812 0.009766
0 0.604980 0.725586 0.014648 0.015625
0 0.608398 0.818359 0.033203 0.031250
0 0.646973 0.822266 0.041992 0.042969
0 0.739258 0.835449 0.011719 0.010742
0 0.744141 0.811035 0.009766 0.010742
0 0.728516 0.745117 0.009766 0.009766
0 0.768555 0.782227 0.013672 0.019531
0 0.800781 0.734375 0.013672 0.017578
0 0.594727 0.856934 0.033203 0.028320
0 0.561035 0.807129 0.022461 0.020508
0 0.579102 0.756348 0.009766 0.008789
0 0.546387 0.762207 0.028320 0.028320
0 0.568359 0.716797 0.009766 0.009766
0 0.462402 0.732910 0.010742 0.010742
0 0.452148 0.778320 0.035156 0.033203
0 0.438477 0.823242 0.019531 0.019531
0 0.427246 0.837402 0.012695 0.012695
0 0.417480 0.816895 0.022461 0.020508
0 0.410156 0.795898 0.007812 0.007812
0 0.478516 0.711914 0.015625 0.015625
0 0.473145 0.688965 0.024414 0.026367
0 0.542969 0.676270 0.013672 0.014648
0 0.577148 0.682129 0.044922 0.043945
0 0.435547 0.676270 0.011719 0.012695
0 0.511719 0.629883 0.060547 0.066406
0 0.560059 0.631348 0.036133 0.040039
0 0.648438 0.654297 0.019531 0.021484
0 0.531250 0.592773 0.007812 0.007812
0 0.533691 0.564453 0.026367 0.027344
0 0.476562 0.538574 0.021484 0.020508
0 0.478516 0.567383 0.015625 0.015625
0 0.653809 0.558105 0.022461 0.028320
0 0.732910 0.434570 0.026367 0.029297
0 0.785645 0.415527 0.024414 0.026367
0 0.822754 0.410645 0.010742 0.012695
0 0.724609 0.458496 0.013672 0.016602
0 0.734375 0.485352 0.021484 0.023438
0 0.717773 0.494629 0.017578 0.026367
0 0.868652 0.493652 0.010742 0.012695
0 0.670898 0.672363 0.021484 0.026367
0 0.691895 0.672852 0.016602 0.021484
0 0.663086 0.696289 0.021484 0.023438
0 0.730957 0.526367 0.018555 0.021484
0 0.865723 0.663086 0.012695 0.013672
0 0.777832 0.891113 0.020508 0.024414
0 0.684570 0.927734 0.031250 0.029297
0 0.649902 0.914551 0.022461 0.016602
0 0.555176 0.901855 0.051758 0.040039
0 0.520996 0.877441 0.032227 0.026367
0 0.497070 0.913086 0.029297 0.023438
0 0.545898 0.943848 0.033203 0.024414
0 0.613770 0.905273 0.008789 0.007812
0 0.429199 0.888184 0.034180 0.028320
0 0.369141 0.914551 0.017578 0.012695
0 0.353027 0.965332 0.040039 0.028320
0 0.373535 0.791016 0.026367 0.027344
0 0.354980 0.820312 0.012695 0.011719
0 0.718262 0.864746 0.008789 0.008789
0 0.669922 0.720703 0.009766 0.009766
0 0.714844 0.690430 0.009766 0.013672
0 0.347168 0.759277 0.018555 0.018555
0 0.321289 0.822266 0.015625 0.015625
0 0.306641 0.790527 0.005859 0.006836
0 0.247070 0.851074 0.031250 0.030273
0 0.272949 0.869629 0.022461 0.018555
0 0.174316 0.840820 0.018555 0.021484
0 0.207520 0.819336 0.010742 0.013672
0 0.217773 0.791504 0.007812 0.008789
0 0.286621 0.808594 0.006836 0.005859
0 0.291992 0.892090 0.009766 0.010742
0 0.129883 0.830078 0.015625 0.021484
0 0.231934 0.882324 0.008789 0.006836
0 0.229980 0.903809 0.012695 0.012695
0 0.160156 0.762207 0.074219 0.098633
0 0.201172 0.736328 0.019531 0.025391
0 0.256836 0.718262 0.007812 0.008789
0 0.331055 0.766602 0.005859 0.007812
0 0.324219 0.755859 0.023438 0.021484
0 0.338867 0.701172 0.007812 0.009766
0 0.335938 0.693848 0.011719 0.012695
0 0.323730 0.711426 0.020508 0.020508
0 0.234863 0.708008 0.026367 0.031250
0 0.322754 0.668945 0.030273 0.033203
0 0.318359 0.669922 0.021484 0.023438
0 0.353516 0.634766 0.011719 0.011719
0 0.348145 0.608398 0.038086 0.039062
0 0.297852 0.630371 0.037109 0.036133
0 0.261230 0.646973 0.010742 0.012695
0 0.220215 0.669434 0.008789 0.010742
0 0.100586 0.776367 0.025391 0.035156
0 0.095215 0.749023 0.018555 0.017578
0 0.151855 0.686035 0.010742 0.014648
0 0.243164 0.608887 0.019531 0.022461
0 0.291504 0.597168 0.022461 0.024414
0 0.323242 0.542969 0.017578 0.019531
0 0.294922 0.632324 0.029297 0.032227
0 0.211426 0.568848 0.008789 0.008789
0 0.138672 0.613770 0.029297 0.041992
0 0.099609 0.666992 0.023438 0.041016
0 0.070801 0.614746 0.018555 0.028320
0 0.066406 0.562012 0.025391 0.049805
0 0.085449 0.483887 0.032227 0.057617
0 0.118164 0.514648 0.017578 0.025391
0 0.115723 0.486328 0.016602 0.027344
0 0.142090 0.496582 0.022461 0.034180
0 0.158203 0.505859 0.015625 0.023438
0 0.184570 0.535156 0.019531 0.023438
0 0.203125 0.503418 0.007812 0.006836
0 0.173828 0.462402 0.013672 0.016602
0 0.123535 0.417969 0.032227 0.044922
0 0.136230 0.431152 0.012695 0.020508
0 0.142578 0.375977 0.017578 0.019531
0 0.169434 0.388672 0.038086 0.046875
0 0.242188 0.393066 0.037109 0.038086
0 0.251953 0.419434 0.015625 0.016602
0 0.308105 0.427734 0.028320 0.029297
0 0.298828 0.497070 0.052734 0.054688
0 0.562012 0.250000 0.024414 0.017578
0 0.350098 0.273926 0.022461 0.016602
