0 0.555176 0.243652 0.043945 0.030273
0 0.580078 0.305664 0.019531 0.017578
0 0.604980 0.310547 0.010742 0.009766
0 0.641602 0.325684 0.029297 0.026367
0 0.678711 0.307617 0.027344 0.021484
0 0.788086 0.329102 0.019531 0.015625
0 0.786621 0.352051 0.014648 0.014648
0 0.808594 0.402832 0.009766 0.010742
0 0.787109 0.418457 0.017578 0.020508
0 0.776855 0.446777 0.006836 0.006836
0 0.760742 0.451660 0.015625 0.018555
0 0.773926 0.460938 0.008789 0.009766
0 0.822754 0.475098 0.065430 0.090820
0 0.878418 0.563477 0.024414 0.044922
0 0.842773 0.552246 0.011719 0.014648
0 0.835449 0.563965 0.006836 0.006836
0 0.858398 0.596191 0.011719 0.014648
0 0.850586 0.632812 0.017578 0.027344
0 0.852051 0.665527 0.018555 0.028320
0 0.904297 0.661133 0.019531 0.037109
0 0.871094 0.703613 0.013672 0.024414
0 0.804199 0.665039 0.061523 0.082031
0 0.719238 0.703613 0.092773 0.114258
0 0.793457 0.772949 0.108398 0.131836
0 0.837891 0.835449 0.011719 0.016602
0 0.905273 0.716309 0.025391 0.045898
0 0.799805 0.864258 0.015625 0.015625
0 0.771973 0.916504 0.083008 0.081055
0 0.698730 0.847168 0.030273 0.026367
0 0.695801 0.792480 0.028320 0.028320
0 0.614746 0.779297 0.018555 0.019531
0 0.678223 0.898926 0.030273 0.026367
0 0.686035 0.913574 0.018555 0.014648
0 0.701172 0.920898 0.013672 0.011719
0 0.649414 0.957031 0.017578 0.013672
0 0.641602 0.980469 0.015625 0.013672
0 0.588867 0.939941 0.015625 0.012695
0 0.588379 0.914062 0.010742 0.007812
0 0.619629 0.945312 0.045898 0.033203
0 0.603516 0.984863 0.017578 0.012695
0 0.536133 0.951172 0.023438 0.015625
0 0.525391 0.962891 0.015625 0.011719
0 0.502441 0.987305 0.036133 0.021484
0 0.493652 0.920898 0.038086 0.027344
0 0.533203 0.877441 0.027344 0.022461
0 0.459473 0.937500 0.008789 0.007812
0 0.464355 0.968262 0.010742 0.008789
0 0.441895 0.953125 0.026367 0.015625
0 0.403809 0.955078 0.041992 0.027344
0 0.360352 0.974121 0.042969 0.030273
0 0.306152 0.937500 0.036133 0.029297
0 0.340332 0.930176 0.016602 0.012695
0 0.328613 0.891602 0.010742 0.009766
0 0.393066 0.871582 0.022461 0.018555
0 0.399902 0.900879 0.032227 0.026367
0 0.422852 0.863281 0.029297 0.025391
0 0.393555 0.833008 0.029297 0.027344
0 0.501465 0.808594 0.018555 0.017578
0 0.520508 0.784180 0.035156 0.033203
0 0.218750 0.899414 0.017578 0.015625
0 0.226074 0.928711 0.020508 0.023438
0 0.184570 0.872559 0.013672 0.012695
0 0.202148 0.816406 0.017578 0.017578
0 0.250000 0.802734 0.019531 0.021484
0 0.252441 0.759277 0.032227 0.034180
0 0.188965 0.749023 0.032227 0.037109
0 0.157227 0.756836 0.009766 0.009766
0 0.166504 0.900391 0.116211 0.126953
0 0.158203 0.810059 0.044922 0.055664
0 0.106934 0.787598 0.016602 0.016602
0 0.077637 0.766602 0.026367 0.035156
0 0.106934 0.744629 0.012695 0.014648
0 0.121094 0.735840 0.021484 0.034180
0 0.241211 0.709473 0.015625 0.018555
0 0.377930 0.715332 0.041016 0.040039
0 0.432129 0.701660 0.012695 0.012695
0 0.536133 0.689941 0.009766 0.010742
0 0.356445 0.689453 0.023438 0.025391
0 0.275879 0.664062 0.026367 0.029297
0 0.257812 0.651855 0.011719 0.014648
0 0.226562 0.662109 0.009766 0.013672
0 0.552246 0.708496 0.004883 0.006836
0 0.588867 0.689453 0.003906 0.005859
0 0.562988 0.640137 0.057617 0.057617
0 0.637207 0.594238 0.012695 0.014648
0 0.663574 0.596191 0.012695 0.014648
0 0.731445 0.595703 0.025391 0.029297
0 0.772949 0.568359 0.012695 0.015625
0 0.772949 0.555176 0.006836 0.006836
0 0.791016 0.534668 0.007812 0.008789
0 0.774414 0.532715 0.009766 0.012695
0 0.733887 0.522461 0.020508 0.023438
0 0.718262 0.492676 0.020508 0.030273
0 0.699707 0.519043 0.012695 0.012695
0 0.701172 0.450684 0.031250 0.032227
0 0.662109 0.515625 0.009766 0.011719
0 0.568359 0.508301 0.011719 0.012695
0 0.550781 0.472168 0.007812 0.008789
0 0.462402 0.315918 0.016602 0.014648
0 0.441406 0.290039 0.009766 0.007812
0 0.414551 0.321289 0.032227 0.025391
0 0.473145 0.426758 0.131836 0.115234
0 0.448730 0.533203 0.008789 0.009766
0 0.418457 0.505859 0.014648 0.013672
0 0.383301 0.462891 0.012695 0.011719
0 0.372559 0.489258 0.012695 0.013672
0 0.326660 0.417480 0.086914 0.084961
0 0.318848 0.478027 0.036133 0.034180
0 0.356445 0.373047 0.015625 0.013672
0 0.353027 0.589355 0.036133 0.038086
0 0.269531 0.612793 0.039062 0.043945
0 0.261719 0.557617 0.037109 0.042969
0 0.245605 0.491211 0.014648 0.017578
0 0.182617 0.575195 0.007812 0.009766
0 0.203125 0.567871 0.021484 0.026367
0 0.156250 0.626465 0.023438 0.030273
0 0.146973 0.648926 0.014648 0.018555
0 0.166992 0.666992 0.007812 0.011719
0 0.104004 0.563477 0.016602 0.027344
0 0.117188 0.507324 0.021484 0.036133
0 0.207031 0.500488 0.048828 0.057617
0 0.184082 0.521973 0.008789 0.008789
0 0.246094 0.444824 0.015625 0.016602
0 0.206543 0.431641 0.012695 0.013672
0 0.238281 0.387207 0.013672 0.012695
0 0.258789 0.307129 0.031250 0.028320
0 0.305176 0.284668 0.034180 0.026367
0 0.318848 0.250000 0.034180 0.027344
0 0.186035 0.327637 0.020508 0.018555
0 0.225098 0.284668 0.016602 0.014648
0 0.148926 0.355469 0.026367 0.029297
0 0.149414 0.380371 0.019531 0.018555
0 0.153320 0.396484 0.011719 0.015625
0 0.121582 0.409668 0.012695 0.014648
