0 0.200195 0.317383 0.037109 0.037109
0 0.240723 0.315430 0.036133 0.033203
0 0.249023 0.274414 0.021484 0.019531
0 0.308105 0.279297 0.049805 0.042969
0 0.355957 0.297852 0.032227 0.021484
0 0.337402 0.356934 0.049805 0.043945
0 0.362305 0.399902 0.035156 0.041992
0 0.387695 0.382324 0.007812 0.008789
0 0.443359 0.346680 0.021484 0.017578
0 0.487305 0.381836 0.042969 0.039062
0 0.491699 0.411621 0.020508 0.016602
0 0.514160 0.429199 0.012695 0.012695
0 0.536621 0.420410 0.036133 0.034180
0 0.427734 0.421387 0.078125 0.079102
0 0.436035 0.473633 0.022461 0.023438
0 0.407715 0.479004 0.020508 0.020508
0 0.458008 0.487793 0.029297 0.030273
0 0.490723 0.506836 0.045898 0.042969
0 0.539062 0.486328 0.035156 0.033203
0 0.572754 0.479980 0.020508 0.020508
0 0.642578 0.459961 0.044922 0.044922
0 0.620605 0.414062 0.010742 0.011719
0 0.584473 0.377930 0.075195 0.064453
0 0.572266 0.375488 0.033203 0.030273
0 0.542969 0.331055 0.058594 0.046875
0 0.656738 0.335938 0.073242 0.064453
0 0.601562 0.277832 0.058594 0.041992
0 0.462402 0.295410 0.032227 0.020508
0 0.600098 0.304688 0.022461 0.015625
0 0.725586 0.361328 0.033203 0.033203
0 0.677246 0.296875 0.041992 0.029297
0 0.673828 0.392578 0.033203 0.033203
0 0.790527 0.356934 0.051758 0.059570
0 0.828613 0.354980 0.053711 0.063477
0 0.802734 0.459961 0.046875 0.062500
0 0.821289 0.441406 0.015625 0.017578
0 0.837402 0.436035 0.014648 0.020508
0 0.862305 0.432129 0.029297 0.036133
0 0.903809 0.501953 0.028320 0.054688
0 0.838379 0.517578 0.018555 0.029297
0 0.868652 0.575684 0.024414 0.041992
0 0.909668 0.610352 0.030273 0.119141
0 0.769531 0.601074 0.150391 0.196289
0 0.877441 0.696289 0.016602 0.029297
0 0.742188 0.743164 0.056641 0.060547
0 0.855957 0.802246 0.018555 0.020508
0 0.638184 0.750000 0.047852 0.052734
0 0.609863 0.705078 0.012695 0.013672
0 0.617188 0.793945 0.033203 0.031250
0 0.651855 0.799805 0.041992 0.042969
0 0.601562 0.833496 0.033203 0.030273
0 0.566895 0.785645 0.022461 0.020508
0 0.584961 0.735840 0.009766 0.008789
0 0.551270 0.741699 0.028320 0.028320
0 0.568359 0.716797 0.009766 0.009766
0 0.465332 0.711426 0.012695 0.012695
0 0.454102 0.755859 0.035156 0.033203
0 0.440430 0.800781 0.019531 0.019531
0 0.427246 0.812988 0.012695 0.012695
0 0.419434 0.792480 0.022461 0.020508
0 0.411133 0.774414 0.007812 0.007812
0 0.480957 0.691895 0.016602 0.014648
0 0.477051 0.669434 0.024414 0.026367
0 0.547852 0.662109 0.011719 0.015625
0 0.581543 0.662109 0.043945 0.044922
0 0.439453 0.656250 0.011719 0.011719
0 0.533203 0.614258 0.076172 0.068359
0 0.537598 0.544922 0.026367 0.027344
0 0.483398 0.550781 0.015625 0.013672
0 0.654297 0.538574 0.029297 0.030273
0 0.729004 0.420898 0.026367 0.029297
0 0.781738 0.405762 0.024414 0.026367
0 0.816895 0.401855 0.010742 0.012695
0 0.724609 0.447754 0.013672 0.016602
0 0.734375 0.472656 0.021484 0.023438
0 0.717773 0.494629 0.017578 0.026367
0 0.864746 0.479004 0.010742 0.012695
0 0.670898 0.650879 0.021484 0.026367
0 0.664062 0.676758 0.021484 0.023438
0 0.865723 0.638672 0.012695 0.013672
0 0.790527 0.865723 0.020508 0.024414
0 0.694336 0.908203 0.031250 0.029297
0 0.659668 0.895996 0.022461 0.016602
0 0.560547 0.878906 0.050781 0.041016
0 0.526855 0.854980 0.032227 0.026367
0 0.502930 0.889648 0.029297 0.023438
0 0.550293 0.923828 0.032227 0.025391
0 0.621582 0.881836 0.008789 0.007812
0 0.430176 0.863770 0.034180 0.028320
0 0.362305 0.895020 0.017578 0.012695
0 0.343262 0.949707 0.040039 0.028320
0 0.374512 0.770508 0.026367 0.027344
0 0.354980 0.798828 0.012695 0.011719
0 0.671875 0.698242 0.009766 0.009766
0 0.347656 0.735840 0.017578 0.016602
0 0.321289 0.799805 0.015625 0.015625
0 0.307617 0.769043 0.005859 0.006836
0 0.242188 0.825684 0.031250 0.030273
0 0.266602 0.845703 0.021484 0.019531
0 0.165527 0.812012 0.016602 0.018555
0 0.202148 0.793457 0.013672 0.016602
0 0.212891 0.765137 0.007812 0.010742
0 0.285645 0.787109 0.006836 0.005859
0 0.285156 0.868164 0.009766 0.009766
0 0.111328 0.810547 0.027344 0.035156
0 0.224609 0.857910 0.011719 0.010742
0 0.219238 0.874512 0.012695 0.010742
0 0.159180 0.737793 0.072266 0.094727
0 0.199707 0.713867 0.016602 0.023438
0 0.256836 0.696289 0.005859 0.007812
0 0.331055 0.766602 0.005859 0.007812
0 0.324707 0.734863 0.022461 0.022461
0 0.339844 0.675293 0.009766 0.010742
0 0.326660 0.691406 0.020508 0.021484
0 0.236816 0.688477 0.026367 0.031250
0 0.326660 0.650391 0.030273 0.033203
0 0.356934 0.614746 0.012695 0.012695
0 0.352051 0.592773 0.038086 0.039062
0 0.299805 0.613770 0.033203 0.034180
0 0.265625 0.627930 0.013672 0.015625
0 0.225098 0.649902 0.008789 0.010742
0 0.084961 0.765625 0.025391 0.035156
0 0.094238 0.744629 0.020508 0.032227
0 0.154785 0.664551 0.010742 0.014648
0 0.248047 0.591309 0.021484 0.022461
0 0.297363 0.582520 0.022461 0.024414
0 0.328125 0.530273 0.017578 0.019531
0 0.214844 0.552246 0.005859 0.008789
0 0.142578 0.595215 0.029297 0.041992
0 0.099609 0.643066 0.023438 0.038086
0 0.074707 0.592285 0.018555 0.028320
0 0.072266 0.534180 0.025391 0.048828
0 0.091309 0.464355 0.026367 0.051758
0 0.124023 0.497070 0.017578 0.025391
0 0.121582 0.467773 0.016602 0.027344
0 0.146973 0.481445 0.018555 0.031250
0 0.163086 0.492188 0.015625 0.023438
0 0.189453 0.518555 0.019531 0.025391
0 0.207520 0.491211 0.008789 0.009766
0 0.178223 0.450684 0.014648 0.020508
0 0.129395 0.409180 0.032227 0.044922
0 0.149414 0.365234 0.017578 0.019531
0 0.177246 0.378906 0.038086 0.046875
0 0.242188 0.393066 0.037109 0.038086
0 0.251953 0.419434 0.015625 0.016602
0 0.308105 0.427734 0.028320 0.029297
0 0.303711 0.484375 0.052734 0.054688
0 0.643066 0.465820 0.047852 0.058594
0 0.531250 0.571289 0.009766 0.009766
0 0.648438 0.633301 0.021484 0.022461
0 0.800293 0.556152 0.010742 0.012695
0 0.799805 0.584961 0.017578 0.023438
0 0.743652 0.563477 0.008789 0.009766
0 0.741211 0.576172 0.005859 0.007812
0 0.690918 0.649414 0.016602 0.019531
0 0.664551 0.733398 0.008789 0.009766
0 0.770020 0.757812 0.016602 0.021484
0 0.749512 0.788574 0.012695 0.012695
0 0.745605 0.812500 0.012695 0.015625
0 0.804199 0.712402 0.018555 0.022461
0 0.732910 0.714844 0.012695 0.011719
0 0.724609 0.843262 0.007812 0.008789
0 0.154785 0.817871 0.012695 0.012695
0 0.212891 0.701660 0.017578 0.022461
0 0.572266 0.696289 0.013672 0.017578
0 0.060059 0.629883 0.018555 0.025391
0 0.274414 0.350586 0.015625 0.015625
0 0.079590 0.396973 0.040039 0.079102
0 0.132812 0.843750 0.019531 0.023438
0 0.183105 0.855957 0.008789 0.010742
0 0.177246 0.867188 0.016602 0.017578
0 0.887207 0.737793 0.016602 0.016602
0 0.829590 0.795898 0.012695 0.015625
