0 0.202637 0.310547 0.043945 0.041016
0 0.244629 0.307617 0.036133 0.033203
0 0.249023 0.274414 0.021484 0.019531
0 0.313965 0.277344 0.049805 0.042969
0 0.350098 0.291016 0.036133 0.025391
0 0.344238 0.350098 0.049805 0.043945
0 0.369141 0.377930 0.037109 0.033203
0 0.392578 0.367676 0.007812 0.008789
0 0.442871 0.337891 0.024414 0.017578
0 0.477539 0.372070 0.046875 0.039062
0 0.488281 0.401855 0.019531 0.018555
0 0.534180 0.414551 0.037109 0.036133
0 0.428711 0.411621 0.078125 0.079102
0 0.445312 0.461914 0.025391 0.023438
0 0.413086 0.463867 0.017578 0.019531
0 0.478516 0.481934 0.054688 0.051758
0 0.540527 0.474609 0.034180 0.035156
0 0.574707 0.464355 0.022461 0.022461
0 0.639648 0.444824 0.044922 0.041992
0 0.611816 0.391602 0.010742 0.011719
0 0.564453 0.349609 0.091797 0.080078
0 0.555176 0.366211 0.040039 0.035156
0 0.654297 0.329590 0.072266 0.061523
0 0.595215 0.275879 0.057617 0.036133
0 0.461914 0.289551 0.031250 0.024414
0 0.721680 0.351562 0.033203 0.033203
0 0.670410 0.293945 0.041992 0.029297
0 0.666504 0.381836 0.030273 0.031250
0 0.783691 0.347656 0.051758 0.054688
0 0.821777 0.345215 0.053711 0.063477
0 0.796875 0.445312 0.046875 0.062500
0 0.814941 0.429199 0.014648 0.014648
0 0.830566 0.422852 0.012695 0.021484
0 0.857910 0.418457 0.020508 0.030273
0 0.894531 0.476562 0.025391 0.046875
0 0.832520 0.501953 0.018555 0.029297
0 0.864258 0.555176 0.023438 0.040039
0 0.908691 0.586914 0.030273 0.119141
0 0.767578 0.580566 0.150391 0.192383
0 0.878418 0.667969 0.016602 0.029297
0 0.742188 0.717773 0.056641 0.060547
0 0.863770 0.773926 0.018555 0.020508
0 0.643555 0.720703 0.050781 0.054688
0 0.611816 0.678711 0.012695 0.013672
0 0.642090 0.772949 0.055664 0.051758
0 0.605469 0.808594 0.035156 0.031250
0 0.576172 0.759766 0.025391 0.023438
0 0.589844 0.711914 0.011719 0.011719
0 0.559082 0.718262 0.030273 0.030273
0 0.458496 0.731445 0.036133 0.035156
0 0.441895 0.773926 0.020508 0.020508
0 0.429688 0.785156 0.013672 0.015625
0 0.420898 0.766602 0.021484 0.021484
0 0.414062 0.749023 0.007812 0.007812
0 0.472168 0.689453 0.014648 0.013672
0 0.482910 0.648926 0.028320 0.028320
0 0.554199 0.639648 0.014648 0.015625
0 0.585449 0.638672 0.043945 0.044922
0 0.446289 0.637695 0.011719 0.011719
0 0.538086 0.592773 0.072266 0.068359
0 0.538574 0.524902 0.032227 0.032227
0 0.490723 0.531738 0.016602 0.014648
0 0.654297 0.516113 0.027344 0.028320
0 0.726074 0.410156 0.026367 0.029297
0 0.775879 0.393066 0.024414 0.026367
0 0.810059 0.394043 0.010742 0.012695
0 0.718750 0.433105 0.013672 0.016602
0 0.730469 0.458008 0.023438 0.023438
0 0.717773 0.493652 0.015625 0.022461
0 0.855957 0.464355 0.010742 0.016602
0 0.673828 0.626465 0.023438 0.026367
0 0.667969 0.651367 0.021484 0.023438
0 0.862793 0.612305 0.012695 0.013672
0 0.799316 0.837402 0.020508 0.024414
0 0.706055 0.884766 0.031250 0.029297
0 0.669434 0.873047 0.024414 0.021484
0 0.564453 0.851562 0.052734 0.046875
0 0.530273 0.827637 0.035156 0.028320
0 0.508301 0.862305 0.032227 0.027344
0 0.556641 0.901367 0.037109 0.029297
0 0.631348 0.855469 0.010742 0.009766
0 0.429688 0.834473 0.033203 0.030273
0 0.354980 0.871582 0.016602 0.016602
0 0.329102 0.928711 0.037109 0.027344
0 0.376465 0.746094 0.028320 0.027344
0 0.353516 0.771973 0.013672 0.014648
0 0.676270 0.671387 0.018555 0.020508
0 0.350098 0.713867 0.020508 0.019531
0 0.319824 0.775879 0.016602 0.016602
0 0.236328 0.796875 0.029297 0.031250
0 0.259277 0.816895 0.020508 0.022461
0 0.159668 0.781738 0.016602 0.018555
0 0.202148 0.793457 0.013672 0.016602
0 0.208008 0.738770 0.007812 0.012695
0 0.285645 0.762695 0.006836 0.005859
0 0.277344 0.842773 0.011719 0.009766
0 0.112793 0.801758 0.020508 0.025391
0 0.218750 0.829102 0.009766 0.011719
0 0.208984 0.844238 0.011719 0.010742
0 0.158691 0.712402 0.075195 0.100586
0 0.199219 0.692383 0.019531 0.029297
0 0.258301 0.675781 0.006836 0.007812
0 0.308594 0.744629 0.007812 0.008789
0 0.326172 0.710449 0.023438 0.024414
0 0.342773 0.652344 0.013672 0.013672
0 0.329590 0.668457 0.020508 0.022461
0 0.238281 0.667969 0.029297 0.035156
0 0.331543 0.628418 0.032227 0.032227
0 0.354980 0.577148 0.041992 0.044922
0 0.302734 0.597656 0.035156 0.037109
0 0.270508 0.611816 0.015625 0.018555
0 0.225098 0.649902 0.008789 0.010742
0 0.098633 0.771484 0.025391 0.035156
0 0.088379 0.714355 0.020508 0.032227
0 0.156250 0.642578 0.013672 0.017578
0 0.254883 0.574707 0.027344 0.028320
0 0.303223 0.565918 0.026367 0.028320
0 0.333008 0.514648 0.019531 0.019531
0 0.145020 0.574707 0.030273 0.045898
0 0.101074 0.618164 0.026367 0.044922
0 0.076660 0.566895 0.018555 0.028320
0 0.075195 0.510742 0.025391 0.048828
0 0.098633 0.446777 0.033203 0.049805
0 0.125488 0.453125 0.018555 0.031250
0 0.142090 0.472168 0.028320 0.041992
0 0.165039 0.472656 0.015625 0.023438
0 0.194336 0.501465 0.023438 0.030273
0 0.212402 0.475586 0.008789 0.009766
0 0.184082 0.439941 0.014648 0.020508
0 0.140137 0.397461 0.032227 0.044922
0 0.184082 0.369141 0.038086 0.046875
0 0.247070 0.375977 0.039062 0.039062
0 0.259277 0.397949 0.016602 0.018555
0 0.317383 0.408203 0.033203 0.033203
0 0.308594 0.471191 0.054688 0.057617
0 0.639648 0.447754 0.048828 0.055664
0 0.536621 0.550781 0.010742 0.009766
0 0.651855 0.610352 0.020508 0.023438
0 0.796875 0.535156 0.013672 0.015625
0 0.797852 0.564941 0.019531 0.026367
0 0.741699 0.542969 0.008789 0.009766
0 0.739258 0.557617 0.005859 0.007812
0 0.693359 0.624023 0.017578 0.019531
0 0.770996 0.733398 0.016602 0.021484
0 0.752441 0.762207 0.012695 0.012695
0 0.750488 0.787109 0.012695 0.015625
0 0.802734 0.688477 0.017578 0.023438
0 0.729492 0.817871 0.007812 0.008789
0 0.146973 0.784668 0.010742 0.014648
0 0.214844 0.682129 0.017578 0.022461
0 0.579102 0.671875 0.013672 0.013672
0 0.061035 0.604492 0.018555 0.025391
0 0.279297 0.344727 0.015625 0.015625
0 0.482910 0.484863 0.043945 0.043945
0 0.647461 0.773438 0.042969 0.046875
0 0.488281 0.668457 0.017578 0.018555
0 0.221191 0.537109 0.008789 0.009766
0 0.461914 0.439453 0.009766 0.009766
0 0.228516 0.629883 0.009766 0.011719
0 0.083984 0.688965 0.015625 0.020508
0 0.197266 0.764160 0.011719 0.014648
0 0.171875 0.822266 0.011719 0.011719
0 0.164062 0.833984 0.011719 0.013672
0 0.166992 0.883301 0.021484 0.024414
0 0.544922 0.245117 0.037109 0.027344
0 0.086426 0.393066 0.053711 0.081055
