0 0.559082 0.252441 0.043945 0.030273
0 0.578125 0.321289 0.019531 0.017578
0 0.604980 0.309570 0.010742 0.009766
0 0.645996 0.337891 0.028320 0.025391
0 0.689453 0.320312 0.027344 0.021484
0 0.794922 0.338867 0.017578 0.021484
0 0.791016 0.365723 0.015625 0.012695
0 0.812500 0.420410 0.009766 0.010742
0 0.787109 0.437988 0.017578 0.020508
0 0.776855 0.468262 0.006836 0.006836
0 0.760742 0.473145 0.015625 0.018555
0 0.774902 0.483398 0.008789 0.009766
0 0.822754 0.492676 0.065430 0.090820
0 0.876465 0.577148 0.024414 0.044922
0 0.838867 0.573730 0.011719 0.014648
0 0.830566 0.586914 0.008789 0.009766
0 0.852051 0.608887 0.008789 0.012695
0 0.844727 0.646484 0.017578 0.027344
0 0.854004 0.671387 0.018555 0.028320
0 0.903320 0.673828 0.019531 0.037109
0 0.872070 0.716309 0.013672 0.024414
0 0.804199 0.692871 0.073242 0.063477
0 0.707031 0.714355 0.097656 0.108398
0 0.791016 0.750977 0.113281 0.177734
0 0.826172 0.845215 0.017578 0.018555
0 0.901367 0.731934 0.025391 0.045898
0 0.790039 0.870605 0.017578 0.020508
0 0.765137 0.921387 0.083008 0.081055
0 0.698730 0.853027 0.030273 0.026367
0 0.693848 0.799316 0.028320 0.028320
0 0.609863 0.792969 0.020508 0.021484
0 0.675293 0.905762 0.030273 0.026367
0 0.681152 0.911621 0.018555 0.014648
0 0.696777 0.922852 0.014648 0.015625
0 0.647461 0.959961 0.017578 0.013672
0 0.639648 0.982422 0.015625 0.013672
0 0.587891 0.944336 0.017578 0.013672
0 0.586426 0.921875 0.012695 0.009766
0 0.619629 0.951172 0.045898 0.033203
0 0.601562 0.986816 0.017578 0.012695
0 0.535156 0.957031 0.023438 0.015625
0 0.524414 0.968750 0.015625 0.011719
0 0.502441 0.987305 0.036133 0.021484
0 0.492676 0.929688 0.038086 0.027344
0 0.532227 0.887207 0.027344 0.022461
0 0.460449 0.943359 0.012695 0.009766
0 0.465332 0.970215 0.012695 0.012695
0 0.443359 0.957031 0.027344 0.017578
0 0.407715 0.958984 0.041992 0.027344
0 0.366211 0.976074 0.042969 0.030273
0 0.311035 0.942383 0.036133 0.029297
0 0.343750 0.935059 0.017578 0.014648
0 0.330566 0.898438 0.010742 0.009766
0 0.393066 0.871582 0.022461 0.018555
0 0.399902 0.900879 0.032227 0.026367
0 0.422852 0.863281 0.029297 0.025391
0 0.391602 0.842285 0.031250 0.026367
0 0.497559 0.820801 0.018555 0.018555
0 0.516602 0.797852 0.035156 0.033203
0 0.223633 0.905273 0.017578 0.015625
0 0.230957 0.933105 0.018555 0.022461
0 0.192383 0.879395 0.013672 0.012695
0 0.202148 0.816406 0.017578 0.017578
0 0.248047 0.808594 0.023438 0.025391
0 0.251465 0.768066 0.032227 0.034180
0 0.188477 0.758301 0.031250 0.038086
0 0.158691 0.767090 0.008789 0.012695
0 0.173340 0.902344 0.116211 0.126953
0 0.158203 0.810059 0.044922 0.055664
0 0.113770 0.801758 0.020508 0.027344
0 0.086426 0.791016 0.026367 0.035156
0 0.110840 0.757324 0.012695 0.014648
0 0.125000 0.748535 0.021484 0.034180
0 0.239258 0.718262 0.017578 0.020508
0 0.374023 0.726074 0.041016 0.040039
0 0.425781 0.712402 0.015625 0.014648
0 0.526367 0.701660 0.011719 0.012695
0 0.350586 0.699707 0.023438 0.024414
0 0.270996 0.672852 0.028320 0.031250
0 0.254883 0.659180 0.013672 0.015625
0 0.225586 0.671875 0.011719 0.017578
0 0.552246 0.708496 0.004883 0.006836
0 0.556152 0.653320 0.059570 0.060547
0 0.634277 0.608398 0.014648 0.015625
0 0.661133 0.608398 0.013672 0.015625
0 0.735352 0.616211 0.025391 0.029297
0 0.774902 0.596680 0.012695 0.015625
0 0.774902 0.584473 0.006836 0.008789
0 0.791992 0.560059 0.007812 0.010742
0 0.777344 0.561035 0.011719 0.014648
0 0.737305 0.543457 0.021484 0.024414
0 0.718262 0.492676 0.020508 0.030273
0 0.702148 0.539551 0.011719 0.014648
0 0.703125 0.468262 0.031250 0.032227
0 0.663086 0.535156 0.009766 0.011719
0 0.566406 0.525879 0.011719 0.012695
0 0.549805 0.487793 0.009766 0.010742
0 0.467285 0.325684 0.016602 0.014648
0 0.433594 0.301758 0.009766 0.007812
0 0.412598 0.332031 0.032227 0.025391
0 0.472168 0.446777 0.129883 0.122070
0 0.441895 0.546875 0.008789 0.009766
0 0.413574 0.516602 0.018555 0.015625
0 0.383789 0.480957 0.011719 0.012695
0 0.368164 0.503906 0.011719 0.013672
0 0.334961 0.428711 0.089844 0.085938
0 0.318848 0.487793 0.036133 0.034180
0 0.359375 0.382812 0.015625 0.013672
0 0.347168 0.601074 0.036133 0.038086
0 0.266602 0.623535 0.039062 0.043945
0 0.260742 0.567383 0.037109 0.042969
0 0.245605 0.500977 0.014648 0.017578
0 0.182617 0.584961 0.007812 0.009766
0 0.202148 0.576660 0.021484 0.026367
0 0.156250 0.639160 0.023438 0.030273
0 0.147949 0.660645 0.014648 0.018555
0 0.166992 0.675781 0.007812 0.013672
0 0.104980 0.575195 0.016602 0.027344
0 0.117188 0.521973 0.021484 0.036133
0 0.207031 0.512207 0.048828 0.057617
0 0.185059 0.533691 0.008789 0.008789
0 0.250000 0.458496 0.015625 0.016602
0 0.205566 0.445312 0.012695 0.013672
0 0.235840 0.404297 0.012695 0.015625
0 0.251953 0.322754 0.031250 0.028320
0 0.293457 0.300293 0.034180 0.026367
0 0.301270 0.263672 0.034180 0.027344
0 0.176270 0.341309 0.020508 0.018555
0 0.211426 0.300293 0.016602 0.014648
0 0.141113 0.369141 0.026367 0.029297
0 0.143555 0.395996 0.019531 0.018555
0 0.148438 0.412109 0.011719 0.015625
0 0.116699 0.429199 0.012695 0.014648
0 0.664551 0.990723 0.043945 0.018555
0 0.705078 0.718750 0.089844 0.099609
0 0.791016 0.779297 0.109375 0.117188
0 0.851562 0.340820 0.035156 0.044922
0 0.893066 0.411621 0.032227 0.041992
0 0.091309 0.665039 0.016602 0.025391
0 0.064941 0.660645 0.018555 0.024414
0 0.053223 0.599609 0.022461 0.031250
0 0.080078 0.617188 0.013672 0.021484
0 0.074219 0.530762 0.021484 0.028320
0 0.090332 0.499512 0.020508 0.036133
0 0.123047 0.494141 0.015625 0.017578
0 0.146484 0.569336 0.007812 0.007812
0 0.057617 0.517090 0.017578 0.028320
0 0.054688 0.484375 0.025391 0.033203
