0 0.209473 0.304688 0.043945 0.041016
0 0.245605 0.305176 0.038086 0.038086
0 0.248047 0.267578 0.021484 0.019531
0 0.311035 0.275391 0.049805 0.042969
0 0.346680 0.285645 0.039062 0.032227
0 0.360352 0.352051 0.062500 0.051758
0 0.444824 0.328125 0.024414 0.017578
0 0.462891 0.370117 0.052734 0.041016
0 0.538086 0.403809 0.039062 0.036133
0 0.437012 0.404297 0.081055 0.078125
0 0.415527 0.449707 0.020508 0.018555
0 0.471680 0.460938 0.056641 0.052734
0 0.541504 0.462402 0.036133 0.034180
0 0.573730 0.450684 0.022461 0.022461
0 0.638184 0.428223 0.047852 0.047852
0 0.611816 0.377930 0.010742 0.011719
0 0.561523 0.343750 0.091797 0.080078
0 0.552246 0.360352 0.040039 0.035156
0 0.650879 0.312988 0.077148 0.069336
0 0.583008 0.268555 0.060547 0.042969
0 0.457520 0.282227 0.032227 0.025391
0 0.720703 0.345215 0.031250 0.036133
0 0.661621 0.365723 0.036133 0.032227
0 0.774902 0.339844 0.051758 0.054688
0 0.813965 0.338379 0.053711 0.063477
0 0.792969 0.434570 0.048828 0.062500
0 0.854004 0.407715 0.026367 0.034180
0 0.890137 0.465332 0.034180 0.057617
0 0.858398 0.535156 0.025391 0.042969
0 0.904297 0.570312 0.035156 0.134766
0 0.764648 0.561035 0.150391 0.192383
0 0.879395 0.640137 0.018555 0.034180
0 0.746094 0.693359 0.056641 0.062500
0 0.865234 0.743652 0.011719 0.020508
0 0.644531 0.719238 0.066406 0.083008
0 0.611816 0.781738 0.036133 0.034180
0 0.576660 0.735352 0.026367 0.027344
0 0.562012 0.692871 0.030273 0.030273
0 0.462402 0.704102 0.036133 0.035156
0 0.431152 0.764160 0.016602 0.014648
0 0.432617 0.743164 0.029297 0.029297
0 0.415527 0.724121 0.008789 0.008789
0 0.472168 0.689453 0.014648 0.013672
0 0.490723 0.632812 0.036133 0.029297
0 0.589844 0.616211 0.044922 0.046875
0 0.452637 0.615723 0.012695 0.014648
0 0.539551 0.573242 0.077148 0.070312
0 0.541504 0.506836 0.034180 0.033203
0 0.498047 0.511719 0.017578 0.015625
0 0.654785 0.498535 0.030273 0.032227
0 0.722656 0.403320 0.031250 0.035156
0 0.772949 0.387207 0.024414 0.026367
0 0.805176 0.384277 0.010742 0.012695
0 0.725586 0.442871 0.023438 0.024414
0 0.673828 0.604980 0.023438 0.026367
0 0.667480 0.629883 0.022461 0.023438
0 0.807129 0.814453 0.018555 0.023438
0 0.714844 0.862305 0.031250 0.029297
0 0.678223 0.849609 0.024414 0.021484
0 0.568359 0.824219 0.052734 0.046875
0 0.534180 0.802246 0.035156 0.028320
0 0.515137 0.836426 0.034180 0.028320
0 0.563477 0.876953 0.037109 0.029297
0 0.638184 0.826172 0.010742 0.009766
0 0.429688 0.805176 0.035156 0.032227
0 0.348145 0.849609 0.018555 0.017578
0 0.329102 0.928711 0.037109 0.027344
0 0.377930 0.721680 0.027344 0.029297
0 0.353027 0.747070 0.014648 0.015625
0 0.351562 0.690918 0.021484 0.022461
0 0.319336 0.749512 0.015625 0.018555
0 0.240723 0.777344 0.038086 0.041016
0 0.153320 0.750488 0.015625 0.020508
0 0.211914 0.803711 0.007812 0.007812
0 0.207520 0.716309 0.006836 0.014648
0 0.284668 0.737305 0.008789 0.007812
0 0.268555 0.814453 0.015625 0.015625
0 0.103027 0.762695 0.020508 0.025391
0 0.201660 0.815918 0.008789 0.010742
0 0.162598 0.687012 0.075195 0.100586
0 0.208984 0.665527 0.017578 0.022461
0 0.258301 0.655273 0.008789 0.009766
0 0.310547 0.720703 0.007812 0.007812
0 0.328613 0.686035 0.024414 0.026367
0 0.333008 0.646973 0.023438 0.024414
0 0.237793 0.648926 0.028320 0.036133
0 0.336914 0.611816 0.033203 0.034180
0 0.361328 0.561523 0.042969 0.046875
0 0.275391 0.595703 0.017578 0.019531
0 0.089355 0.732422 0.024414 0.044922
0 0.158203 0.616211 0.013672 0.017578
0 0.258789 0.559082 0.027344 0.028320
0 0.308594 0.566895 0.041016 0.047852
0 0.337891 0.499023 0.019531 0.019531
0 0.151855 0.553223 0.032227 0.045898
0 0.104980 0.592773 0.026367 0.044922
0 0.081055 0.541504 0.019531 0.032227
0 0.083984 0.491699 0.027344 0.045898
0 0.105957 0.431152 0.036133 0.051758
0 0.133301 0.439453 0.022461 0.033203
0 0.153320 0.454102 0.035156 0.044922
0 0.201660 0.485352 0.028320 0.033203
0 0.217773 0.463379 0.007812 0.008789
0 0.190430 0.427734 0.017578 0.021484
0 0.146973 0.383789 0.032227 0.041016
0 0.189941 0.358398 0.038086 0.042969
0 0.253418 0.367188 0.041992 0.041016
0 0.321289 0.399902 0.035156 0.034180
0 0.312500 0.458008 0.054688 0.054688
0 0.539551 0.531250 0.010742 0.011719
0 0.654297 0.589355 0.023438 0.026367
0 0.693359 0.603027 0.019531 0.020508
0 0.774414 0.707520 0.017578 0.022461
0 0.753906 0.760742 0.013672 0.015625
0 0.802734 0.664062 0.017578 0.025391
0 0.735840 0.792480 0.010742 0.010742
0 0.140625 0.751953 0.011719 0.013672
0 0.064941 0.579102 0.016602 0.027344
0 0.281738 0.338867 0.018555 0.017578
0 0.479004 0.664551 0.020508 0.016602
0 0.227539 0.520508 0.009766 0.011719
0 0.233398 0.612793 0.009766 0.010742
0 0.087402 0.659180 0.016602 0.013672
0 0.195312 0.739746 0.011719 0.014648
0 0.159668 0.788574 0.010742 0.012695
0 0.149414 0.800781 0.013672 0.013672
0 0.347656 0.351562 0.037109 0.048828
0 0.384766 0.363770 0.009766 0.008789
0 0.498535 0.388184 0.022461 0.020508
0 0.820801 0.390625 0.010742 0.011719
0 0.826172 0.410645 0.017578 0.024414
0 0.809082 0.418457 0.014648 0.020508
0 0.852051 0.448242 0.016602 0.021484
0 0.762207 0.462402 0.008789 0.010742
0 0.719238 0.495117 0.026367 0.037109
0 0.739258 0.526855 0.005859 0.008789
0 0.737793 0.539062 0.006836 0.009766
0 0.793945 0.514160 0.011719 0.014648
0 0.795410 0.544434 0.018555 0.024414
0 0.827637 0.487793 0.022461 0.030273
0 0.861328 0.490234 0.023438 0.035156
0 0.857422 0.587402 0.013672 0.020508
0 0.755859 0.734863 0.013672 0.016602
0 0.671875 0.853516 0.007812 0.007812
0 0.595215 0.686035 0.010742 0.012695
0 0.618652 0.658203 0.016602 0.017578
0 0.584473 0.647949 0.016602 0.016602
0 0.560059 0.615234 0.014648 0.015625
0 0.266602 0.386230 0.021484 0.016602
0 0.087891 0.679688 0.021484 0.033203
0 0.067383 0.696289 0.021484 0.033203
0 0.108887 0.727051 0.016602 0.022461
0 0.236816 0.774902 0.030273 0.034180
0 0.192383 0.815918 0.005859 0.008789
0 0.140137 0.844238 0.024414 0.020508
0 0.532227 0.238770 0.035156 0.024414
