0 0.562988 0.261230 0.043945 0.030273
0 0.574219 0.336914 0.019531 0.015625
0 0.604980 0.309570 0.010742 0.009766
0 0.654785 0.350586 0.024414 0.023438
0 0.700195 0.331055 0.027344 0.021484
0 0.802734 0.349121 0.015625 0.020508
0 0.798828 0.376465 0.015625 0.012695
0 0.815430 0.431152 0.009766 0.010742
0 0.788086 0.448730 0.017578 0.020508
0 0.776855 0.484863 0.006836 0.006836
0 0.761719 0.488770 0.015625 0.018555
0 0.774902 0.500000 0.008789 0.009766
0 0.823730 0.502441 0.065430 0.090820
0 0.874512 0.590820 0.024414 0.044922
0 0.837891 0.587402 0.011719 0.014648
0 0.830566 0.598633 0.008789 0.009766
0 0.850098 0.623535 0.008789 0.012695
0 0.841797 0.660156 0.017578 0.027344
0 0.849121 0.684082 0.018555 0.028320
0 0.900391 0.686523 0.019531 0.037109
0 0.867188 0.729004 0.013672 0.024414
0 0.703125 0.727051 0.097656 0.108398
0 0.817383 0.854980 0.017578 0.018555
0 0.894531 0.744629 0.025391 0.045898
0 0.757324 0.921387 0.083008 0.081055
0 0.693848 0.860352 0.028320 0.025391
0 0.691895 0.809082 0.028320 0.028320
0 0.607910 0.803711 0.020508 0.021484
0 0.674805 0.913086 0.033203 0.029297
0 0.693359 0.928223 0.011719 0.010742
0 0.642090 0.963867 0.018555 0.013672
0 0.635742 0.982422 0.021484 0.013672
0 0.587891 0.950684 0.017578 0.014648
0 0.583496 0.928223 0.014648 0.012695
0 0.615723 0.954102 0.045898 0.033203
0 0.599609 0.989746 0.017578 0.012695
0 0.532715 0.959961 0.024414 0.017578
0 0.519531 0.970703 0.017578 0.013672
0 0.502441 0.992188 0.036133 0.015625
0 0.490234 0.935059 0.039062 0.028320
0 0.528809 0.894531 0.030273 0.025391
0 0.459473 0.949219 0.012695 0.009766
0 0.465332 0.974609 0.014648 0.011719
0 0.443359 0.962891 0.029297 0.019531
0 0.408203 0.962891 0.042969 0.029297
0 0.370117 0.978027 0.042969 0.030273
0 0.313965 0.945312 0.036133 0.029297
0 0.345703 0.938965 0.017578 0.014648
0 0.333008 0.903809 0.013672 0.010742
0 0.392578 0.887207 0.023438 0.020508
0 0.399414 0.913086 0.037109 0.027344
0 0.418457 0.878906 0.032227 0.025391
0 0.390625 0.851562 0.033203 0.029297
0 0.493652 0.829590 0.022461 0.020508
0 0.512207 0.808594 0.036133 0.033203
0 0.226562 0.909180 0.017578 0.015625
0 0.189453 0.881348 0.013672 0.012695
0 0.200195 0.828125 0.017578 0.017578
0 0.249023 0.815430 0.023438 0.025391
0 0.249512 0.775879 0.032227 0.034180
0 0.189453 0.766113 0.031250 0.038086
0 0.160645 0.777344 0.010742 0.011719
0 0.179688 0.908203 0.123047 0.125000
0 0.161133 0.824707 0.044922 0.055664
0 0.119629 0.811523 0.020508 0.027344
0 0.092773 0.803711 0.027344 0.042969
0 0.114746 0.768066 0.012695 0.014648
0 0.126953 0.757324 0.021484 0.034180
0 0.239258 0.718262 0.017578 0.020508
0 0.370117 0.735840 0.041016 0.040039
0 0.420898 0.725098 0.015625 0.014648
0 0.525391 0.715332 0.011719 0.012695
0 0.348145 0.711914 0.026367 0.025391
0 0.269043 0.681641 0.030273 0.033203
0 0.252930 0.667969 0.013672 0.015625
0 0.225098 0.680176 0.014648 0.016602
0 0.552246 0.708496 0.004883 0.006836
0 0.552246 0.670898 0.057617 0.058594
0 0.631348 0.625000 0.014648 0.015625
0 0.658203 0.625000 0.013672 0.015625
0 0.733398 0.630859 0.025391 0.029297
0 0.773926 0.610352 0.012695 0.015625
0 0.773438 0.598633 0.007812 0.009766
0 0.791016 0.574707 0.007812 0.010742
0 0.776367 0.576660 0.011719 0.014648
0 0.736328 0.558105 0.021484 0.024414
0 0.700195 0.555176 0.011719 0.014648
0 0.705078 0.482910 0.031250 0.032227
0 0.662109 0.550781 0.009766 0.011719
0 0.564453 0.544922 0.013672 0.013672
0 0.549316 0.505371 0.012695 0.014648
0 0.470215 0.335449 0.016602 0.014648
0 0.424316 0.315918 0.010742 0.010742
0 0.408691 0.343750 0.032227 0.025391
0 0.476074 0.462402 0.129883 0.122070
0 0.437988 0.562500 0.008789 0.009766
0 0.413574 0.534180 0.018555 0.015625
0 0.384766 0.501465 0.011719 0.012695
0 0.364746 0.523438 0.014648 0.015625
0 0.343262 0.436523 0.092773 0.082031
0 0.341309 0.612305 0.038086 0.039062
0 0.262695 0.632324 0.039062 0.043945
0 0.261719 0.577148 0.037109 0.042969
0 0.246582 0.511719 0.014648 0.017578
0 0.182617 0.595703 0.007812 0.009766
0 0.202148 0.587402 0.021484 0.026367
0 0.157227 0.648926 0.023438 0.030273
0 0.148926 0.670410 0.014648 0.018555
0 0.167969 0.685547 0.009766 0.011719
0 0.104980 0.586914 0.016602 0.027344
0 0.114258 0.533691 0.021484 0.036133
0 0.208008 0.523926 0.048828 0.057617
0 0.251465 0.471191 0.020508 0.018555
0 0.203613 0.458984 0.012695 0.013672
0 0.232910 0.420410 0.014648 0.014648
0 0.240234 0.339355 0.031250 0.028320
0 0.279785 0.314941 0.034180 0.026367
0 0.288574 0.278320 0.034180 0.027344
0 0.167969 0.356934 0.015625 0.014648
0 0.211426 0.300293 0.016602 0.014648
0 0.136230 0.383789 0.026367 0.029297
0 0.138672 0.409668 0.019531 0.018555
0 0.142578 0.425781 0.011719 0.015625
0 0.110840 0.438965 0.012695 0.014648
0 0.851562 0.340820 0.035156 0.044922
0 0.893066 0.411621 0.032227 0.041992
0 0.094238 0.676758 0.016602 0.025391
0 0.064941 0.672363 0.018555 0.024414
0 0.052246 0.611328 0.022461 0.031250
0 0.080078 0.626953 0.013672 0.021484
0 0.071289 0.540527 0.021484 0.028320
0 0.087402 0.511230 0.020508 0.036133
0 0.123047 0.505859 0.015625 0.017578
0 0.056641 0.526855 0.017578 0.028320
0 0.054688 0.497070 0.025391 0.033203
0 0.347656 0.448730 0.007812 0.010742
0 0.343750 0.446777 0.093750 0.100586
0 0.412109 0.267090 0.011719 0.010742
0 0.820312 0.495117 0.050781 0.070312
0 0.701172 0.730957 0.091797 0.096680
0 0.799805 0.701172 0.074219 0.064453
0 0.786133 0.787109 0.113281 0.121094
0 0.785645 0.758301 0.114258 0.178711
0 0.843750 0.854980 0.023438 0.034180
0 0.915039 0.541016 0.019531 0.027344
