0 0.211914 0.297363 0.044922 0.041992
0 0.246582 0.299316 0.038086 0.038086
0 0.253418 0.263672 0.026367 0.023438
0 0.319336 0.277832 0.070312 0.051758
0 0.366211 0.347168 0.062500 0.051758
0 0.447266 0.325195 0.029297 0.023438
0 0.466309 0.363281 0.057617 0.041016
0 0.543945 0.393555 0.039062 0.037109
0 0.452637 0.406250 0.081055 0.078125
0 0.459473 0.416504 0.094727 0.100586
0 0.545410 0.451660 0.041992 0.038086
0 0.577148 0.440430 0.025391 0.027344
0 0.639160 0.417480 0.047852 0.047852
0 0.610352 0.366211 0.013672 0.013672
0 0.558105 0.336426 0.092773 0.077148
0 0.552246 0.352539 0.040039 0.035156
0 0.643066 0.308105 0.077148 0.069336
0 0.574219 0.267090 0.064453 0.041992
0 0.454590 0.275391 0.041992 0.029297
0 0.714355 0.336914 0.036133 0.041016
0 0.659668 0.359863 0.036133 0.032227
0 0.767090 0.333984 0.051758 0.054688
0 0.805176 0.332520 0.053711 0.063477
0 0.787109 0.425781 0.048828 0.062500
0 0.848145 0.400879 0.026367 0.034180
0 0.886230 0.453613 0.034180 0.057617
0 0.853027 0.517090 0.026367 0.043945
0 0.901367 0.556641 0.042969 0.130859
0 0.764160 0.543945 0.153320 0.189453
0 0.876465 0.617676 0.018555 0.034180
0 0.743164 0.672852 0.054688 0.064453
0 0.867676 0.715332 0.014648 0.022461
0 0.647461 0.695801 0.066406 0.083008
0 0.617676 0.758301 0.036133 0.034180
0 0.581543 0.711914 0.026367 0.027344
0 0.566895 0.669434 0.032227 0.032227
0 0.467285 0.683105 0.038086 0.038086
0 0.437988 0.722168 0.032227 0.032227
0 0.421387 0.703125 0.010742 0.009766
0 0.592285 0.594727 0.045898 0.050781
0 0.458008 0.595215 0.013672 0.020508
0 0.543457 0.552734 0.077148 0.070312
0 0.541504 0.488281 0.034180 0.033203
0 0.501953 0.491699 0.019531 0.018555
0 0.657227 0.482422 0.033203 0.033203
0 0.721191 0.392090 0.034180 0.038086
0 0.768066 0.379395 0.028320 0.028320
0 0.799316 0.378418 0.010742 0.012695
0 0.725098 0.432129 0.024414 0.026367
0 0.674805 0.585449 0.023438 0.026367
0 0.666504 0.608398 0.022461 0.023438
0 0.812988 0.791016 0.018555 0.025391
0 0.720703 0.842773 0.031250 0.029297
0 0.685059 0.829590 0.022461 0.020508
0 0.560547 0.794434 0.066406 0.057617
0 0.516602 0.818359 0.033203 0.029297
0 0.571289 0.855469 0.037109 0.031250
0 0.644531 0.802734 0.011719 0.011719
0 0.434082 0.778320 0.036133 0.033203
0 0.345215 0.831055 0.018555 0.017578
0 0.302734 0.888672 0.037109 0.031250
0 0.382324 0.700684 0.034180 0.032227
0 0.356934 0.725586 0.016602 0.017578
0 0.356445 0.670410 0.023438 0.024414
0 0.320801 0.729492 0.018555 0.019531
0 0.240723 0.753906 0.038086 0.041016
0 0.152344 0.720215 0.015625 0.024414
0 0.209961 0.779297 0.007812 0.007812
0 0.208496 0.694336 0.010742 0.015625
0 0.287598 0.717773 0.008789 0.007812
0 0.265137 0.791992 0.012695 0.013672
0 0.095215 0.725586 0.018555 0.025391
0 0.198730 0.790527 0.008789 0.010742
0 0.164551 0.661621 0.075195 0.100586
0 0.209961 0.647949 0.017578 0.022461
0 0.262207 0.637695 0.008789 0.009766
0 0.314941 0.701660 0.010742 0.010742
0 0.332520 0.666016 0.026367 0.027344
0 0.339844 0.627441 0.025391 0.026367
0 0.240723 0.631836 0.030273 0.035156
0 0.343750 0.594238 0.033203 0.034180
0 0.366211 0.547852 0.044922 0.046875
0 0.282227 0.580078 0.017578 0.019531
0 0.082520 0.694336 0.024414 0.044922
0 0.164062 0.594727 0.013672 0.017578
0 0.264648 0.546387 0.029297 0.032227
0 0.314453 0.554199 0.042969 0.047852
0 0.342285 0.487305 0.018555 0.019531
0 0.158691 0.533691 0.032227 0.045898
0 0.110840 0.570312 0.026367 0.044922
0 0.087891 0.516113 0.019531 0.032227
0 0.090820 0.467285 0.027344 0.045898
0 0.114746 0.413574 0.036133 0.051758
0 0.140137 0.422852 0.028320 0.035156
0 0.159180 0.439453 0.035156 0.044922
0 0.208496 0.471680 0.030273 0.035156
0 0.223633 0.452637 0.007812 0.008789
0 0.197266 0.416992 0.017578 0.021484
0 0.154785 0.371094 0.034180 0.042969
0 0.196777 0.350586 0.038086 0.042969
0 0.253418 0.359375 0.041992 0.041016
0 0.327148 0.391113 0.035156 0.034180
0 0.316406 0.446777 0.056641 0.055664
0 0.543457 0.513672 0.012695 0.011719
0 0.657227 0.568848 0.025391 0.028320
0 0.693359 0.589355 0.019531 0.020508
0 0.774414 0.686035 0.019531 0.026367
0 0.754883 0.710938 0.013672 0.015625
0 0.739746 0.770996 0.010742 0.010742
0 0.140137 0.722656 0.010742 0.017578
0 0.068848 0.552734 0.016602 0.027344
0 0.284668 0.338867 0.020508 0.019531
0 0.487793 0.645020 0.020508 0.016602
0 0.234375 0.506348 0.009766 0.010742
0 0.239258 0.598145 0.009766 0.010742
0 0.087891 0.628906 0.011719 0.013672
0 0.193359 0.713379 0.011719 0.018555
0 0.156738 0.758301 0.010742 0.012695
0 0.141602 0.768555 0.013672 0.013672
0 0.390137 0.353516 0.010742 0.011719
0 0.813965 0.381836 0.010742 0.011719
0 0.819336 0.399902 0.017578 0.024414
0 0.843262 0.436523 0.016602 0.021484
0 0.758301 0.444824 0.008789 0.010742
0 0.719238 0.495117 0.026367 0.037109
0 0.735352 0.521973 0.005859 0.008789
0 0.736816 0.510742 0.006836 0.009766
0 0.791016 0.496582 0.011719 0.014648
0 0.792480 0.525391 0.020508 0.025391
0 0.823242 0.474609 0.023438 0.031250
0 0.855469 0.473633 0.023438 0.035156
0 0.854492 0.564941 0.013672 0.020508
0 0.755859 0.738281 0.015625 0.017578
0 0.678711 0.833008 0.007812 0.007812
0 0.599609 0.663574 0.013672 0.014648
0 0.620605 0.638184 0.018555 0.020508
0 0.589355 0.628418 0.018555 0.020508
0 0.564453 0.592773 0.015625 0.017578
0 0.088379 0.650879 0.020508 0.032227
0 0.066406 0.660156 0.021484 0.033203
0 0.104980 0.694824 0.014648 0.026367
0 0.237793 0.751953 0.032227 0.035156
0 0.189941 0.787109 0.006836 0.007812
0 0.120605 0.805176 0.024414 0.020508
0 0.517578 0.234863 0.035156 0.024414
0 0.353516 0.339844 0.037109 0.037109
0 0.305664 0.241211 0.039062 0.025391
0 0.273438 0.376953 0.023438 0.019531
0 0.790039 0.428223 0.039062 0.051758
0 0.402832 0.435547 0.020508 0.021484
0 0.435059 0.728027 0.020508 0.018555
0 0.802246 0.404785 0.012695 0.016602
0 0.878418 0.573730 0.010742 0.012695
0 0.848633 0.679688 0.017578 0.029297
0 0.840332 0.716797 0.010742 0.015625
0 0.800293 0.664062 0.006836 0.009766
0 0.806152 0.711914 0.010742 0.011719
0 0.874023 0.681152 0.013672 0.022461
0 0.892578 0.659180 0.013672 0.019531
0 0.897461 0.681152 0.013672 0.018555
0 0.604004 0.224609 0.149414 0.068359
