0 0.216797 0.292480 0.044922 0.041992
0 0.249512 0.296387 0.038086 0.038086
0 0.252441 0.262695 0.026367 0.023438
0 0.319336 0.278809 0.070312 0.051758
0 0.370117 0.340820 0.064453 0.052734
0 0.448242 0.318848 0.031250 0.024414
0 0.467285 0.357422 0.057617 0.041016
0 0.545898 0.389648 0.039062 0.037109
0 0.460449 0.407227 0.096680 0.095703
0 0.550781 0.451172 0.046875 0.037109
0 0.640625 0.403809 0.052734 0.047852
0 0.609375 0.357422 0.015625 0.015625
0 0.556152 0.332520 0.092773 0.077148
0 0.552246 0.352539 0.040039 0.035156
0 0.637695 0.301270 0.082031 0.065430
0 0.565430 0.263184 0.062500 0.041992
0 0.449219 0.264160 0.052734 0.043945
0 0.707520 0.327148 0.036133 0.041016
0 0.659668 0.351562 0.040039 0.033203
0 0.758301 0.329590 0.055664 0.053711
0 0.798340 0.328613 0.059570 0.065430
0 0.780273 0.403320 0.056641 0.072266
0 0.853027 0.410645 0.018555 0.028320
0 0.887207 0.410645 0.055664 0.106445
0 0.850098 0.497559 0.026367 0.043945
0 0.895996 0.551270 0.045898 0.135742
0 0.764160 0.527832 0.153320 0.192383
0 0.869629 0.601562 0.020508 0.035156
0 0.740234 0.648438 0.054688 0.064453
0 0.863770 0.698730 0.014648 0.022461
0 0.649414 0.673340 0.066406 0.083008
0 0.620605 0.734863 0.036133 0.034180
0 0.584473 0.689453 0.028320 0.027344
0 0.571777 0.647949 0.032227 0.032227
0 0.473145 0.662109 0.040039 0.039062
0 0.440918 0.699219 0.032227 0.033203
0 0.595215 0.581055 0.045898 0.050781
0 0.549805 0.533691 0.078125 0.073242
0 0.505859 0.478516 0.021484 0.019531
0 0.661133 0.467285 0.037109 0.036133
0 0.721191 0.392090 0.034180 0.038086
0 0.723633 0.420410 0.027344 0.026367
0 0.667480 0.585938 0.022461 0.025391
0 0.810547 0.771484 0.017578 0.027344
0 0.721680 0.824707 0.031250 0.030273
0 0.687988 0.810547 0.022461 0.021484
0 0.561523 0.770996 0.066406 0.057617
0 0.520508 0.797363 0.033203 0.030273
0 0.577637 0.832520 0.038086 0.034180
0 0.647461 0.780273 0.011719 0.011719
0 0.436523 0.752930 0.037109 0.035156
0 0.342773 0.812988 0.017578 0.018555
0 0.291992 0.867676 0.035156 0.034180
0 0.385742 0.679199 0.035156 0.034180
0 0.358887 0.703125 0.016602 0.017578
0 0.322266 0.707520 0.021484 0.020508
0 0.237793 0.727539 0.038086 0.041016
0 0.208008 0.755859 0.007812 0.011719
0 0.210449 0.667480 0.012695 0.016602
0 0.290527 0.698242 0.008789 0.007812
0 0.259277 0.768066 0.014648 0.014648
0 0.092285 0.687500 0.018555 0.025391
0 0.197754 0.764160 0.008789 0.010742
0 0.168457 0.641602 0.073242 0.103516
0 0.211914 0.626465 0.017578 0.026367
0 0.265625 0.619141 0.009766 0.011719
0 0.350586 0.649414 0.035156 0.033203
0 0.344727 0.609375 0.025391 0.027344
0 0.245117 0.613770 0.031250 0.036133
0 0.370605 0.532715 0.043945 0.045898
0 0.289062 0.564453 0.017578 0.019531
0 0.083496 0.656250 0.024414 0.044922
0 0.169922 0.577637 0.015625 0.020508
0 0.271973 0.531738 0.030273 0.032227
0 0.320312 0.539551 0.044922 0.045898
0 0.349121 0.474121 0.020508 0.020508
0 0.165039 0.517090 0.033203 0.047852
0 0.114746 0.545410 0.030273 0.045898
0 0.095703 0.495117 0.027344 0.035156
0 0.100586 0.446777 0.033203 0.047852
0 0.123535 0.395996 0.038086 0.049805
0 0.147949 0.405762 0.026367 0.032227
0 0.165527 0.426758 0.040039 0.044922
0 0.214355 0.459473 0.032227 0.034180
0 0.230957 0.442383 0.010742 0.011719
0 0.202148 0.408203 0.019531 0.021484
0 0.161133 0.360352 0.037109 0.044922
0 0.200684 0.341309 0.040039 0.041992
0 0.260742 0.357910 0.046875 0.043945
0 0.332520 0.383301 0.038086 0.036133
0 0.321777 0.436035 0.057617 0.055664
0 0.667969 0.555664 0.033203 0.035156
0 0.693359 0.567871 0.019531 0.020508
0 0.772461 0.661621 0.019531 0.026367
0 0.753418 0.685059 0.016602 0.018555
0 0.738770 0.749023 0.010742 0.015625
0 0.140137 0.696289 0.010742 0.017578
0 0.076660 0.527344 0.016602 0.019531
0 0.290527 0.332031 0.020508 0.019531
0 0.240723 0.494141 0.014648 0.015625
0 0.246094 0.582520 0.013672 0.016602
0 0.136719 0.737305 0.013672 0.013672
0 0.805664 0.377930 0.013672 0.017578
0 0.822266 0.403320 0.019531 0.027344
0 0.844238 0.433594 0.016602 0.021484
0 0.746582 0.448730 0.008789 0.010742
0 0.719238 0.495117 0.026367 0.037109
0 0.738281 0.503418 0.005859 0.008789
0 0.736816 0.492188 0.006836 0.009766
0 0.791016 0.478027 0.011719 0.014648
0 0.795410 0.506836 0.020508 0.025391
0 0.852539 0.542480 0.013672 0.020508
0 0.752441 0.714355 0.016602 0.020508
0 0.602051 0.640137 0.014648 0.014648
0 0.623047 0.619141 0.019531 0.019531
0 0.589355 0.628418 0.018555 0.020508
0 0.570312 0.569336 0.015625 0.017578
0 0.090820 0.615723 0.019531 0.034180
0 0.065430 0.628906 0.021484 0.033203
0 0.104980 0.662598 0.014648 0.026367
0 0.189941 0.760742 0.006836 0.007812
0 0.506836 0.233887 0.035156 0.024414
0 0.293945 0.245117 0.039062 0.025391
0 0.406738 0.423828 0.020508 0.021484
0 0.842773 0.664062 0.017578 0.029297
0 0.836426 0.700195 0.010742 0.013672
0 0.800293 0.664062 0.006836 0.009766
0 0.801270 0.693359 0.010742 0.011719
0 0.868164 0.663574 0.013672 0.022461
0 0.889648 0.648438 0.013672 0.019531
0 0.894531 0.668945 0.013672 0.019531
0 0.393555 0.346191 0.013672 0.016602
0 0.786133 0.415039 0.044922 0.050781
0 0.671387 0.559082 0.022461 0.026367
0 0.680176 0.605957 0.022461 0.026367
0 0.900879 0.693848 0.016602 0.030273
0 0.910645 0.652832 0.018555 0.032227
0 0.683594 0.813965 0.009766 0.010742
0 0.551270 0.460449 0.055664 0.055664
0 0.551758 0.492188 0.013672 0.013672
0 0.575195 0.427734 0.027344 0.027344
0 0.467773 0.579102 0.017578 0.015625
0 0.506348 0.591797 0.034180 0.041016
0 0.424316 0.681641 0.010742 0.011719
0 0.317871 0.680176 0.012695 0.010742
0 0.352539 0.575684 0.037109 0.036133
0 0.151367 0.723633 0.009766 0.013672
0 0.104980 0.759766 0.016602 0.019531
0 0.091309 0.608887 0.012695 0.018555
0 0.125488 0.638672 0.010742 0.013672
0 0.455566 0.397461 0.084961 0.080078
0 0.111328 0.353027 0.072266 0.098633
0 0.598633 0.221191 0.121094 0.077148
