0 0.569824 0.268066 0.043945 0.030273
0 0.572754 0.347656 0.020508 0.017578
0 0.604980 0.309570 0.010742 0.009766
0 0.661621 0.356445 0.026367 0.023438
0 0.707031 0.336914 0.027344 0.021484
0 0.804688 0.351074 0.015625 0.020508
0 0.805176 0.381836 0.012695 0.017578
0 0.815430 0.431152 0.009766 0.010742
0 0.788086 0.448730 0.017578 0.020508
0 0.776855 0.484863 0.006836 0.006836
0 0.760742 0.499512 0.015625 0.018555
0 0.774902 0.500000 0.008789 0.009766
0 0.823730 0.509277 0.065430 0.090820
0 0.872559 0.596680 0.024414 0.044922
0 0.834961 0.596191 0.011719 0.014648
0 0.828613 0.610352 0.008789 0.009766
0 0.847168 0.635254 0.008789 0.012695
0 0.838379 0.669922 0.018555 0.027344
0 0.846191 0.693848 0.018555 0.028320
0 0.895508 0.699219 0.019531 0.037109
0 0.860840 0.739746 0.014648 0.026367
0 0.699219 0.736816 0.097656 0.108398
0 0.812500 0.863770 0.017578 0.018555
0 0.886230 0.757812 0.026367 0.048828
0 0.752930 0.924316 0.085938 0.081055
0 0.693848 0.860352 0.028320 0.025391
0 0.689941 0.813965 0.028320 0.028320
0 0.604492 0.811523 0.021484 0.021484
0 0.674805 0.913086 0.033203 0.029297
0 0.693359 0.928223 0.011719 0.010742
0 0.639160 0.962891 0.018555 0.013672
0 0.633789 0.983398 0.021484 0.013672
0 0.583496 0.928223 0.014648 0.012695
0 0.607910 0.955566 0.047852 0.036133
0 0.598633 0.990723 0.017578 0.012695
0 0.524414 0.967285 0.029297 0.020508
0 0.502441 0.992188 0.036133 0.015625
0 0.487793 0.941406 0.040039 0.029297
0 0.525879 0.900391 0.030273 0.025391
0 0.455566 0.954102 0.012695 0.009766
0 0.465332 0.974609 0.014648 0.011719
0 0.416992 0.963867 0.042969 0.029297
0 0.371094 0.977051 0.042969 0.030273
0 0.315918 0.947266 0.036133 0.029297
0 0.347656 0.941895 0.017578 0.014648
0 0.333008 0.907715 0.013672 0.010742
0 0.392578 0.892090 0.023438 0.020508
0 0.399414 0.915039 0.037109 0.027344
0 0.417480 0.884277 0.030273 0.028320
0 0.389160 0.855957 0.034180 0.028320
0 0.493652 0.829590 0.022461 0.020508
0 0.512207 0.808594 0.036133 0.033203
0 0.226074 0.912109 0.016602 0.015625
0 0.199707 0.830566 0.018555 0.018555
0 0.247070 0.819336 0.023438 0.025391
0 0.246094 0.780273 0.035156 0.037109
0 0.189453 0.772461 0.033203 0.039062
0 0.161621 0.784180 0.010742 0.011719
0 0.181152 0.910156 0.124023 0.123047
0 0.162109 0.829102 0.042969 0.050781
0 0.122559 0.818359 0.020508 0.027344
0 0.098633 0.808594 0.027344 0.042969
0 0.114746 0.768066 0.012695 0.014648
0 0.128906 0.767090 0.021484 0.034180
0 0.235840 0.732910 0.018555 0.020508
0 0.358398 0.733398 0.044922 0.046875
0 0.417969 0.734863 0.015625 0.014648
0 0.521484 0.726074 0.011719 0.012695
0 0.265137 0.685547 0.030273 0.033203
0 0.257812 0.679688 0.013672 0.015625
0 0.224609 0.686035 0.017578 0.018555
0 0.549316 0.680664 0.059570 0.058594
0 0.628418 0.636230 0.016602 0.018555
0 0.655273 0.635742 0.015625 0.017578
0 0.729980 0.640137 0.026367 0.032227
0 0.771484 0.619141 0.013672 0.019531
0 0.791016 0.584473 0.007812 0.010742
0 0.775391 0.588379 0.011719 0.014648
0 0.735352 0.567871 0.021484 0.024414
0 0.700195 0.566895 0.011719 0.014648
0 0.705078 0.492676 0.031250 0.032227
0 0.661133 0.563477 0.009766 0.011719
0 0.561523 0.558594 0.013672 0.013672
0 0.548340 0.520020 0.012695 0.014648
0 0.473145 0.340332 0.016602 0.014648
0 0.415527 0.324707 0.010742 0.010742
0 0.405273 0.352539 0.033203 0.029297
0 0.476074 0.474121 0.129883 0.122070
0 0.435059 0.571289 0.008789 0.009766
0 0.411621 0.544922 0.018555 0.015625
0 0.384766 0.513184 0.011719 0.012695
0 0.362793 0.533203 0.014648 0.015625
0 0.336426 0.621094 0.038086 0.039062
0 0.260742 0.638184 0.039062 0.043945
0 0.259766 0.583984 0.037109 0.042969
0 0.246582 0.518555 0.014648 0.017578
0 0.182617 0.601562 0.007812 0.009766
0 0.202637 0.594238 0.024414 0.030273
0 0.155762 0.661621 0.028320 0.038086
0 0.166992 0.694336 0.009766 0.011719
0 0.105957 0.595215 0.018555 0.032227
0 0.114258 0.543457 0.021484 0.036133
0 0.208984 0.532715 0.048828 0.057617
0 0.251953 0.477539 0.017578 0.019531
0 0.202637 0.469727 0.012695 0.013672
0 0.230957 0.432129 0.014648 0.014648
0 0.233398 0.352051 0.031250 0.028320
0 0.271973 0.327148 0.032227 0.027344
0 0.279297 0.288574 0.029297 0.024414
0 0.159180 0.368652 0.015625 0.014648
0 0.193848 0.325684 0.016602 0.014648
0 0.128418 0.392578 0.026367 0.029297
0 0.132812 0.418457 0.019531 0.018555
0 0.137695 0.435547 0.011719 0.015625
0 0.108887 0.448730 0.012695 0.014648
0 0.846680 0.333984 0.035156 0.044922
0 0.893066 0.411621 0.032227 0.041992
0 0.096191 0.683594 0.016602 0.025391
0 0.066895 0.680176 0.018555 0.024414
0 0.052246 0.616211 0.022461 0.031250
0 0.080078 0.631836 0.013672 0.021484
0 0.072266 0.552246 0.021484 0.028320
0 0.087402 0.520996 0.020508 0.036133
0 0.123047 0.515625 0.015625 0.017578
0 0.056641 0.536621 0.017578 0.028320
0 0.054688 0.504883 0.025391 0.033203
0 0.346680 0.454590 0.087891 0.100586
0 0.400391 0.275879 0.011719 0.010742
0 0.822266 0.500977 0.050781 0.070312
0 0.698242 0.738770 0.091797 0.096680
0 0.796875 0.708008 0.074219 0.064453
0 0.781250 0.791992 0.113281 0.121094
0 0.780762 0.763184 0.114258 0.178711
0 0.838379 0.859375 0.024414 0.031250
0 0.914062 0.550781 0.019531 0.027344
0 0.487793 0.641113 0.016602 0.016602
0 0.479980 0.469238 0.116211 0.114258
0 0.347656 0.470703 0.009766 0.011719
0 0.347168 0.447754 0.088867 0.086914
0 0.360840 0.736328 0.040039 0.039062
