0 0.234375 0.291992 0.072266 0.062500
0 0.242676 0.257812 0.026367 0.023438
0 0.325195 0.273926 0.070312 0.051758
0 0.371094 0.333984 0.064453 0.052734
0 0.449707 0.312988 0.034180 0.024414
0 0.467285 0.349609 0.057617 0.041016
0 0.543457 0.377930 0.041992 0.037109
0 0.463379 0.395508 0.096680 0.095703
0 0.551270 0.441406 0.047852 0.042969
0 0.635742 0.390137 0.052734 0.047852
0 0.598633 0.351562 0.015625 0.015625
0 0.550293 0.320801 0.092773 0.077148
0 0.633301 0.309082 0.086914 0.079102
0 0.446289 0.264160 0.052734 0.043945
0 0.706055 0.319336 0.035156 0.035156
0 0.759766 0.316895 0.083984 0.081055
0 0.761719 0.397949 0.064453 0.077148
0 0.890625 0.463379 0.087891 0.200195
0 0.846680 0.501953 0.027344 0.044922
0 0.759766 0.534668 0.158203 0.211914
0 0.650391 0.658691 0.066406 0.083008
0 0.624512 0.716309 0.038086 0.036133
0 0.587402 0.670898 0.028320 0.027344
0 0.573730 0.631348 0.032227 0.034180
0 0.478027 0.644531 0.040039 0.039062
0 0.445801 0.679199 0.034180 0.034180
0 0.591797 0.563965 0.050781 0.049805
0 0.551270 0.518066 0.077148 0.071289
0 0.510742 0.461426 0.023438 0.020508
0 0.660156 0.451172 0.039062 0.041016
0 0.704102 0.372559 0.039062 0.038086
0 0.715332 0.419434 0.030273 0.032227
0 0.727539 0.803711 0.033203 0.035156
0 0.696777 0.789062 0.022461 0.021484
0 0.564941 0.751465 0.059570 0.055664
0 0.526367 0.779785 0.035156 0.032227
0 0.585938 0.808594 0.039062 0.035156
0 0.441895 0.730469 0.040039 0.037109
0 0.343750 0.795898 0.021484 0.017578
0 0.284668 0.849121 0.038086 0.034180
0 0.389160 0.659668 0.036133 0.036133
0 0.361816 0.683594 0.018555 0.019531
0 0.325195 0.687988 0.021484 0.022461
0 0.238770 0.705078 0.038086 0.042969
0 0.210938 0.733887 0.011719 0.012695
0 0.212402 0.649902 0.012695 0.016602
0 0.292480 0.678711 0.008789 0.007812
0 0.258789 0.746094 0.017578 0.019531
0 0.196777 0.741699 0.008789 0.010742
0 0.174805 0.618164 0.080078 0.103516
0 0.269531 0.604492 0.009766 0.011719
0 0.355957 0.631348 0.034180 0.034180
0 0.350098 0.592773 0.028320 0.029297
0 0.248047 0.600098 0.033203 0.038086
0 0.377930 0.520508 0.046875 0.048828
0 0.296387 0.552246 0.016602 0.018555
0 0.088379 0.621094 0.024414 0.044922
0 0.179688 0.556152 0.015625 0.020508
0 0.280273 0.519531 0.033203 0.035156
0 0.327148 0.528809 0.044922 0.045898
0 0.356445 0.462891 0.023438 0.021484
0 0.175293 0.498047 0.036133 0.046875
0 0.123535 0.525879 0.034180 0.045898
0 0.107422 0.476562 0.027344 0.035156
0 0.102051 0.437988 0.038086 0.045898
0 0.131348 0.382324 0.038086 0.049805
0 0.151855 0.395020 0.026367 0.032227
0 0.171387 0.416016 0.040039 0.044922
0 0.223633 0.446289 0.035156 0.039062
0 0.234375 0.436523 0.011719 0.013672
0 0.208984 0.402344 0.021484 0.023438
0 0.166016 0.349609 0.037109 0.044922
0 0.203613 0.346191 0.040039 0.041992
0 0.271973 0.343262 0.053711 0.049805
0 0.337891 0.375000 0.041016 0.035156
0 0.328613 0.426270 0.057617 0.055664
0 0.753418 0.682129 0.016602 0.018555
0 0.144043 0.673828 0.010742 0.013672
0 0.083496 0.510742 0.016602 0.019531
0 0.250488 0.481445 0.014648 0.015625
0 0.255859 0.567871 0.015625 0.018555
0 0.130859 0.708008 0.013672 0.019531
0 0.827148 0.384766 0.019531 0.027344
0 0.825195 0.427246 0.019531 0.022461
0 0.746582 0.448730 0.008789 0.010742
0 0.719238 0.495117 0.026367 0.037109
0 0.733398 0.511230 0.005859 0.008789
0 0.733887 0.497070 0.006836 0.009766
0 0.782227 0.476074 0.013672 0.014648
0 0.788086 0.504395 0.019531 0.026367
0 0.854492 0.536621 0.017578 0.022461
0 0.741699 0.720703 0.012695 0.015625
0 0.617188 0.603516 0.019531 0.019531
0 0.097656 0.592285 0.019531 0.034180
0 0.065430 0.597656 0.021484 0.033203
0 0.094238 0.647949 0.014648 0.026367
0 0.190918 0.739258 0.006836 0.007812
0 0.284180 0.243164 0.039062 0.025391
0 0.408691 0.416016 0.020508 0.021484
0 0.840332 0.673340 0.010742 0.012695
0 0.800293 0.664062 0.006836 0.009766
0 0.801270 0.675781 0.010742 0.011719
0 0.867676 0.664551 0.014648 0.024414
0 0.395020 0.339844 0.014648 0.013672
0 0.913574 0.645996 0.024414 0.053711
0 0.552246 0.447266 0.057617 0.054688
0 0.554199 0.477051 0.010742 0.012695
0 0.575195 0.427734 0.027344 0.027344
0 0.474121 0.562500 0.014648 0.015625
0 0.509277 0.574707 0.038086 0.038086
0 0.428223 0.662109 0.010742 0.011719
0 0.322754 0.661621 0.012695 0.010742
0 0.357422 0.561035 0.037109 0.036133
0 0.150879 0.697754 0.008789 0.012695
0 0.092773 0.715332 0.017578 0.022461
0 0.111816 0.630859 0.014648 0.019531
0 0.119141 0.339844 0.070312 0.085938
0 0.575195 0.229980 0.121094 0.077148
0 0.549805 0.243652 0.072266 0.049805
0 0.457031 0.388672 0.082031 0.080078
0 0.063965 0.517090 0.024414 0.038086
0 0.632324 0.301270 0.084961 0.067383
0 0.526855 0.349609 0.008789 0.009766
0 0.546387 0.334473 0.045898 0.036133
0 0.769043 0.406738 0.049805 0.051758
0 0.785645 0.379883 0.012695 0.013672
0 0.801270 0.395508 0.022461 0.029297
0 0.837891 0.458008 0.031250 0.046875
0 0.879395 0.565430 0.024414 0.039062
0 0.886719 0.527832 0.011719 0.016602
0 0.891602 0.600586 0.011719 0.019531
0 0.908203 0.607910 0.015625 0.024414
0 0.895020 0.623047 0.008789 0.017578
0 0.771484 0.634766 0.029297 0.027344
0 0.751953 0.646973 0.019531 0.022461
0 0.758789 0.521973 0.156250 0.186523
0 0.830078 0.520996 0.007812 0.012695
0 0.664062 0.533203 0.037109 0.039062
0 0.654297 0.563965 0.025391 0.026367
0 0.851074 0.635254 0.018555 0.030273
0 0.875000 0.627441 0.013672 0.024414
0 0.898438 0.654297 0.015625 0.023438
0 0.711914 0.682129 0.023438 0.026367
0 0.665039 0.588379 0.029297 0.028320
0 0.813965 0.747559 0.020508 0.028320
0 0.601562 0.625000 0.015625 0.015625
0 0.653320 0.759277 0.013672 0.012695
0 0.692383 0.791016 0.009766 0.011719
