0 0.225098 0.308105 0.086914 0.073242
0 0.240723 0.261719 0.022461 0.015625
0 0.325195 0.268555 0.076172 0.056641
0 0.373047 0.325195 0.064453 0.052734
0 0.448730 0.306641 0.036133 0.027344
0 0.541016 0.370117 0.039062 0.033203
0 0.636719 0.373535 0.052734 0.047852
0 0.550293 0.320801 0.092773 0.077148
0 0.625977 0.299316 0.085938 0.061523
0 0.701172 0.313477 0.035156 0.035156
0 0.756836 0.312988 0.083984 0.081055
0 0.757812 0.390137 0.060547 0.069336
0 0.888184 0.458008 0.094727 0.197266
0 0.648438 0.638184 0.066406 0.083008
0 0.625000 0.695801 0.037109 0.038086
0 0.589844 0.651367 0.031250 0.031250
0 0.575684 0.610840 0.032227 0.034180
0 0.483398 0.631836 0.046875 0.027344
0 0.450684 0.657715 0.034180 0.034180
0 0.593750 0.545410 0.050781 0.049805
0 0.553223 0.498535 0.077148 0.071289
0 0.514648 0.443359 0.025391 0.023438
0 0.654785 0.426758 0.041992 0.039062
0 0.702148 0.358887 0.039062 0.038086
0 0.728516 0.785645 0.031250 0.034180
0 0.698242 0.770020 0.025391 0.022461
0 0.564941 0.729492 0.059570 0.058594
0 0.529297 0.760254 0.035156 0.032227
0 0.589844 0.783203 0.039062 0.037109
0 0.446777 0.707031 0.040039 0.037109
0 0.345215 0.779297 0.022461 0.021484
0 0.274902 0.827637 0.038086 0.038086
0 0.393555 0.638672 0.039062 0.039062
0 0.365723 0.660645 0.020508 0.024414
0 0.328125 0.667969 0.021484 0.023438
0 0.240723 0.679199 0.038086 0.043945
0 0.211914 0.710449 0.011719 0.014648
0 0.296875 0.661133 0.009766 0.009766
0 0.257812 0.723633 0.017578 0.019531
0 0.194336 0.715332 0.011719 0.014648
0 0.180176 0.591797 0.083008 0.109375
0 0.276367 0.586914 0.009766 0.011719
0 0.361816 0.611816 0.034180 0.034180
0 0.356934 0.574219 0.028320 0.029297
0 0.257324 0.583008 0.034180 0.039062
0 0.382812 0.506836 0.046875 0.048828
0 0.304688 0.536621 0.017578 0.020508
0 0.094238 0.594238 0.028320 0.047852
0 0.290039 0.506836 0.037109 0.039062
0 0.334473 0.514648 0.043945 0.046875
0 0.362305 0.450195 0.023438 0.021484
0 0.186035 0.482422 0.036133 0.046875
0 0.133789 0.502930 0.039062 0.050781
0 0.111816 0.455078 0.030273 0.041016
0 0.178711 0.395020 0.046875 0.057617
0 0.233887 0.437012 0.038086 0.041992
0 0.243652 0.424805 0.014648 0.015625
0 0.217773 0.389648 0.025391 0.025391
0 0.273926 0.337402 0.053711 0.049805
0 0.341797 0.364258 0.041016 0.035156
0 0.333496 0.415527 0.057617 0.055664
0 0.147461 0.643555 0.009766 0.015625
0 0.092285 0.479004 0.016602 0.020508
0 0.259766 0.467773 0.015625 0.017578
0 0.266113 0.553711 0.016602 0.017578
0 0.131836 0.675781 0.013672 0.019531
0 0.828125 0.391602 0.019531 0.027344
0 0.826172 0.439941 0.021484 0.026367
0 0.719238 0.495117 0.026367 0.037109
0 0.768066 0.461426 0.010742 0.012695
0 0.770020 0.491211 0.020508 0.021484
0 0.840820 0.510254 0.017578 0.022461
0 0.742188 0.701172 0.013672 0.017578
0 0.615234 0.585938 0.021484 0.019531
0 0.107422 0.559570 0.019531 0.031250
0 0.069824 0.565918 0.022461 0.040039
0 0.284180 0.243164 0.039062 0.025391
0 0.836426 0.655273 0.008789 0.011719
0 0.797363 0.656738 0.012695 0.014648
0 0.864746 0.644043 0.014648 0.024414
0 0.912598 0.628418 0.024414 0.053711
0 0.552734 0.434570 0.054688 0.052734
0 0.569824 0.399414 0.032227 0.027344
0 0.480957 0.547363 0.016602 0.016602
0 0.514160 0.557129 0.038086 0.036133
0 0.432129 0.641602 0.010742 0.011719
0 0.327148 0.643066 0.011719 0.012695
0 0.153320 0.667969 0.007812 0.011719
0 0.088867 0.673340 0.017578 0.022461
0 0.121094 0.604004 0.017578 0.024414
0 0.118164 0.333496 0.064453 0.075195
0 0.551758 0.229004 0.121094 0.077148
0 0.532715 0.241211 0.079102 0.052734
0 0.072754 0.486816 0.024414 0.038086
0 0.524902 0.344727 0.008789 0.009766
0 0.546387 0.334473 0.045898 0.036133
0 0.780762 0.375000 0.012695 0.013672
0 0.797363 0.389648 0.022461 0.029297
0 0.833984 0.475586 0.031250 0.046875
0 0.882324 0.516113 0.012695 0.016602
0 0.754395 0.657715 0.018555 0.022461
0 0.651855 0.555176 0.026367 0.028320
0 0.848145 0.615234 0.018555 0.027344
0 0.868652 0.608887 0.014648 0.026367
0 0.710938 0.665527 0.021484 0.030273
0 0.812988 0.728027 0.020508 0.028320
0 0.602539 0.606445 0.015625 0.015625
0 0.654785 0.740234 0.012695 0.013672
0 0.695312 0.771973 0.011719 0.012695
0 0.791504 0.567383 0.006836 0.007812
0 0.779297 0.584961 0.011719 0.013672
0 0.762695 0.397461 0.050781 0.048828
0 0.739258 0.517090 0.175781 0.221680
0 0.747070 0.511230 0.154297 0.182617
0 0.895020 0.635742 0.012695 0.021484
0 0.871582 0.548828 0.024414 0.039062
0 0.885254 0.585449 0.012695 0.018555
0 0.901855 0.593750 0.014648 0.021484
0 0.913086 0.576660 0.021484 0.032227
0 0.890625 0.606445 0.011719 0.017578
0 0.363770 0.542480 0.032227 0.032227
0 0.551270 0.431641 0.051758 0.046875
0 0.396973 0.329590 0.014648 0.012695
0 0.458984 0.375977 0.097656 0.113281
0 0.454102 0.381836 0.089844 0.080078
0 0.441406 0.272949 0.052734 0.024414
0 0.595215 0.341797 0.018555 0.019531
0 0.209473 0.321289 0.045898 0.041016
0 0.145996 0.375977 0.084961 0.097656
0 0.148926 0.367188 0.061523 0.066406
0 0.738770 0.227539 0.073242 0.052734
0 0.844727 0.333008 0.035156 0.044922
