0 0.185547 0.336914 0.015625 0.015625
0 0.266113 0.299316 0.028320 0.024414
0 0.264160 0.337402 0.032227 0.028320
0 0.227539 0.360840 0.029297 0.030273
0 0.154297 0.378906 0.013672 0.013672
0 0.123047 0.402344 0.021484 0.027344
0 0.129883 0.427734 0.013672 0.019531
0 0.135254 0.443848 0.010742 0.016602
0 0.105469 0.459473 0.013672 0.016602
0 0.229492 0.443848 0.013672 0.014648
0 0.200684 0.478516 0.012695 0.013672
0 0.253906 0.488281 0.015625 0.015625
0 0.247559 0.525391 0.016602 0.017578
0 0.208496 0.539062 0.049805 0.060547
0 0.201660 0.600586 0.024414 0.029297
0 0.112793 0.551270 0.024414 0.034180
0 0.104492 0.601074 0.023438 0.034180
0 0.096680 0.692871 0.017578 0.024414
0 0.081055 0.644531 0.013672 0.017578
0 0.122070 0.525391 0.013672 0.017578
0 0.085449 0.530762 0.022461 0.032227
0 0.071289 0.559570 0.021484 0.031250
0 0.071289 0.688477 0.017578 0.023438
0 0.156250 0.666504 0.029297 0.040039
0 0.167969 0.699707 0.011719 0.012695
0 0.223633 0.690918 0.015625 0.018555
0 0.263184 0.690918 0.030273 0.034180
0 0.258789 0.644043 0.041016 0.043945
0 0.181641 0.608398 0.007812 0.011719
0 0.259766 0.590332 0.041016 0.041992
0 0.333008 0.626465 0.037109 0.038086
0 0.357910 0.740723 0.043945 0.043945
0 0.414551 0.739746 0.014648 0.012695
0 0.234863 0.738770 0.018555 0.020508
0 0.246582 0.784180 0.038086 0.035156
0 0.244629 0.821289 0.026367 0.025391
0 0.189453 0.778320 0.033203 0.039062
0 0.197754 0.836426 0.018555 0.020508
0 0.161133 0.789062 0.011719 0.011719
0 0.130371 0.773438 0.026367 0.039062
0 0.124023 0.826660 0.017578 0.018555
0 0.164551 0.834473 0.045898 0.053711
0 0.103516 0.819824 0.029297 0.045898
0 0.184082 0.911133 0.127930 0.128906
0 0.225586 0.916016 0.015625 0.017578
0 0.331055 0.909668 0.013672 0.012695
0 0.386719 0.860352 0.037109 0.031250
0 0.415039 0.886719 0.033203 0.027344
0 0.387695 0.893555 0.025391 0.019531
0 0.395020 0.917480 0.040039 0.028320
0 0.347168 0.942383 0.018555 0.013672
0 0.316895 0.948242 0.038086 0.029297
0 0.372070 0.976074 0.044922 0.032227
0 0.416992 0.964844 0.044922 0.031250
0 0.451660 0.958008 0.014648 0.009766
0 0.461426 0.976074 0.014648 0.010742
0 0.482422 0.943848 0.042969 0.030273
0 0.519043 0.971191 0.032227 0.020508
0 0.518066 0.905273 0.034180 0.025391
0 0.488770 0.838867 0.022461 0.019531
0 0.506348 0.819824 0.036133 0.032227
0 0.570801 0.939941 0.014648 0.010742
0 0.602051 0.962891 0.049805 0.033203
0 0.631836 0.969238 0.017578 0.012695
0 0.629395 0.987305 0.016602 0.011719
0 0.592773 0.991699 0.019531 0.012695
0 0.665039 0.928223 0.033203 0.028320
0 0.685059 0.938965 0.012695 0.012695
0 0.678711 0.883301 0.031250 0.028320
0 0.665039 0.834473 0.031250 0.030273
0 0.603516 0.811523 0.025391 0.023438
0 0.522461 0.734375 0.011719 0.013672
0 0.487793 0.652344 0.012695 0.013672
0 0.433105 0.583008 0.008789 0.009766
0 0.408691 0.554199 0.014648 0.016602
0 0.358398 0.542480 0.011719 0.014648
0 0.383301 0.524902 0.014648 0.014648
0 0.355957 0.462891 0.090820 0.099609
0 0.386719 0.286133 0.011719 0.009766
0 0.407715 0.333496 0.010742 0.010742
0 0.402344 0.358398 0.033203 0.027344
0 0.476074 0.347168 0.018555 0.014648
0 0.571289 0.355957 0.019531 0.016602
0 0.576660 0.272949 0.045898 0.030273
0 0.668457 0.361816 0.026367 0.024414
0 0.715820 0.333008 0.023438 0.023438
0 0.477539 0.485352 0.125000 0.123047
0 0.546387 0.534668 0.014648 0.014648
0 0.560059 0.574707 0.014648 0.014648
0 0.656250 0.577148 0.009766 0.009766
0 0.750000 0.926758 0.089844 0.082031
0 0.805176 0.864746 0.016602 0.016602
0 0.833496 0.867188 0.036133 0.041016
0 0.751465 0.760742 0.147461 0.193359
0 0.838867 0.680176 0.017578 0.026367
0 0.840332 0.708496 0.020508 0.028320
0 0.849121 0.755371 0.018555 0.026367
0 0.880371 0.768555 0.034180 0.054688
0 0.888184 0.712402 0.026367 0.041992
0 0.872070 0.604004 0.025391 0.043945
0 0.914551 0.561035 0.016602 0.030273
0 0.784668 0.458984 0.014648 0.019531
0 0.817871 0.438477 0.010742 0.011719
0 0.809570 0.386719 0.011719 0.011719
0 0.823730 0.510254 0.063477 0.090820
0 0.701660 0.499512 0.032227 0.034180
0 0.759766 0.502441 0.015625 0.018555
0 0.774414 0.512695 0.011719 0.011719
0 0.776367 0.500000 0.007812 0.007812
0 0.790527 0.582031 0.010742 0.011719
0 0.837402 0.598633 0.010742 0.015625
0 0.850098 0.644043 0.010742 0.012695
0 0.830078 0.612305 0.007812 0.007812
0 0.770020 0.611328 0.014648 0.017578
0 0.772949 0.584961 0.010742 0.013672
0 0.729980 0.568848 0.022461 0.026367
0 0.693848 0.575684 0.014648 0.012695
0 0.718262 0.640137 0.026367 0.030273
0 0.652344 0.656250 0.015625 0.015625
0 0.627930 0.656250 0.015625 0.015625
0 0.552246 0.693359 0.059570 0.058594
