0 0.225586 0.302734 0.085938 0.072266
0 0.230469 0.259277 0.027344 0.020508
0 0.306641 0.247070 0.076172 0.056641
0 0.450195 0.305176 0.039062 0.028320
0 0.534668 0.360840 0.040039 0.036133
0 0.639648 0.369629 0.052734 0.047852
0 0.580078 0.304199 0.138672 0.079102
0 0.755859 0.318848 0.083984 0.081055
0 0.885254 0.448242 0.094727 0.197266
0 0.647461 0.618652 0.066406 0.083008
0 0.625000 0.673340 0.037109 0.038086
0 0.588867 0.630859 0.031250 0.035156
0 0.577637 0.592773 0.034180 0.035156
0 0.453613 0.634277 0.038086 0.036133
0 0.586914 0.526855 0.050781 0.049805
0 0.545898 0.462891 0.089844 0.097656
0 0.643066 0.418945 0.041992 0.042969
0 0.728516 0.767578 0.033203 0.037109
0 0.699219 0.752441 0.025391 0.022461
0 0.563965 0.708496 0.061523 0.059570
0 0.532227 0.741699 0.037109 0.034180
0 0.592773 0.753418 0.041016 0.040039
0 0.450195 0.683594 0.041016 0.039062
0 0.346191 0.761230 0.024414 0.024414
0 0.267090 0.805176 0.038086 0.040039
0 0.396484 0.618652 0.042969 0.041992
0 0.366699 0.637207 0.020508 0.024414
0 0.329102 0.645996 0.023438 0.022461
0 0.243652 0.653809 0.038086 0.045898
0 0.213867 0.685059 0.011719 0.014648
0 0.300293 0.640625 0.010742 0.009766
0 0.257324 0.698730 0.020508 0.022461
0 0.196289 0.688965 0.011719 0.014648
0 0.188477 0.568848 0.082031 0.104492
0 0.364746 0.591309 0.034180 0.034180
0 0.265625 0.562988 0.037109 0.041992
0 0.310547 0.517578 0.021484 0.021484
0 0.297363 0.487793 0.040039 0.041992
0 0.339844 0.496582 0.048828 0.047852
0 0.363281 0.433594 0.025391 0.023438
0 0.197754 0.463379 0.040039 0.047852
0 0.144531 0.484375 0.039062 0.050781
0 0.124512 0.437988 0.030273 0.041992
0 0.188477 0.381836 0.048828 0.054688
0 0.244141 0.418457 0.041016 0.043945
0 0.254395 0.408203 0.016602 0.017578
0 0.229980 0.376465 0.026367 0.026367
0 0.279785 0.318848 0.053711 0.049805
0 0.338379 0.395996 0.059570 0.053711
0 0.104004 0.459961 0.014648 0.017578
0 0.828125 0.391602 0.019531 0.027344
0 0.719238 0.495117 0.026367 0.037109
0 0.766113 0.439941 0.010742 0.012695
0 0.760254 0.467773 0.020508 0.021484
0 0.834961 0.500488 0.019531 0.028320
0 0.738770 0.680664 0.014648 0.019531
0 0.613281 0.566406 0.023438 0.023438
0 0.111328 0.535156 0.017578 0.025391
0 0.073730 0.533691 0.022461 0.040039
0 0.832031 0.640625 0.009766 0.015625
0 0.790527 0.637695 0.014648 0.015625
0 0.859863 0.627441 0.016602 0.026367
0 0.910645 0.609863 0.024414 0.053711
0 0.553711 0.396973 0.033203 0.028320
0 0.486816 0.535156 0.020508 0.021484
0 0.520020 0.541016 0.038086 0.039062
0 0.436035 0.621094 0.010742 0.011719
0 0.331055 0.623535 0.011719 0.012695
0 0.547852 0.223145 0.121094 0.077148
0 0.534668 0.230957 0.086914 0.055664
0 0.082520 0.464355 0.024414 0.038086
0 0.530762 0.334961 0.008789 0.009766
0 0.772461 0.384277 0.009766 0.012695
0 0.790039 0.390137 0.023438 0.030273
0 0.879395 0.511230 0.012695 0.016602
0 0.648438 0.544922 0.029297 0.029297
0 0.842285 0.602051 0.018555 0.032227
0 0.863770 0.593262 0.014648 0.026367
0 0.810059 0.708496 0.020508 0.028320
0 0.602539 0.586914 0.015625 0.015625
0 0.653809 0.721680 0.016602 0.017578
0 0.697754 0.752441 0.014648 0.012695
0 0.786621 0.551758 0.006836 0.007812
0 0.775391 0.567383 0.011719 0.013672
0 0.865723 0.541992 0.024414 0.039062
0 0.883301 0.573730 0.012695 0.018555
0 0.459473 0.365234 0.100586 0.107422
0 0.430664 0.278809 0.052734 0.024414
0 0.593262 0.353516 0.018555 0.019531
0 0.212402 0.314453 0.045898 0.041016
0 0.153320 0.356445 0.052734 0.066406
0 0.453125 0.369141 0.089844 0.082031
0 0.263672 0.241211 0.037109 0.025391
0 0.463867 0.245605 0.029297 0.024414
0 0.554688 0.323242 0.048828 0.037109
0 0.543945 0.475098 0.082031 0.071289
0 0.701172 0.345703 0.042969 0.037109
0 0.834961 0.456543 0.035156 0.059570
0 0.749023 0.639160 0.019531 0.026367
0 0.736328 0.489746 0.175781 0.247070
0 0.816895 0.503418 0.008789 0.012695
0 0.742188 0.497070 0.158203 0.183594
0 0.906738 0.559570 0.018555 0.031250
0 0.897949 0.579590 0.012695 0.022461
0 0.886230 0.590332 0.012695 0.020508
0 0.893066 0.618652 0.010742 0.022461
0 0.707520 0.647461 0.034180 0.037109
0 0.276367 0.565430 0.011719 0.013672
0 0.273926 0.533691 0.018555 0.016602
0 0.385742 0.489746 0.046875 0.047852
0 0.368164 0.525391 0.035156 0.031250
0 0.361328 0.554688 0.031250 0.031250
0 0.154297 0.611816 0.011719 0.016602
0 0.155762 0.635254 0.008789 0.010742
0 0.133301 0.641113 0.016602 0.022461
0 0.086426 0.625488 0.016602 0.022461
0 0.105957 0.547363 0.036133 0.059570
0 0.130859 0.578613 0.017578 0.024414
0 0.270020 0.448242 0.016602 0.017578
0 0.150879 0.363281 0.079102 0.087891
0 0.085938 0.394531 0.037109 0.078125
0 0.359375 0.326660 0.072266 0.067383
0 0.378418 0.320312 0.016602 0.015625
0 0.509277 0.571289 0.024414 0.025391
