0 0.587402 0.276855 0.043945 0.030273
0 0.570801 0.364258 0.020508 0.017578
0 0.604980 0.309570 0.010742 0.009766
0 0.676270 0.366211 0.026367 0.023438
0 0.724121 0.332031 0.020508 0.021484
0 0.809570 0.343262 0.015625 0.020508
0 0.812988 0.387695 0.012695 0.017578
0 0.820312 0.440918 0.009766 0.010742
0 0.782715 0.462402 0.014648 0.018555
0 0.775879 0.510254 0.006836 0.006836
0 0.760742 0.511230 0.015625 0.018555
0 0.774902 0.521484 0.008789 0.009766
0 0.823730 0.512207 0.065430 0.090820
0 0.871582 0.608398 0.024414 0.044922
0 0.837891 0.604980 0.011719 0.014648
0 0.831543 0.619141 0.008789 0.009766
0 0.850098 0.649902 0.008789 0.012695
0 0.838379 0.689453 0.018555 0.027344
0 0.839355 0.715332 0.018555 0.028320
0 0.884766 0.720215 0.021484 0.036133
0 0.844238 0.762207 0.014648 0.026367
0 0.799805 0.871582 0.017578 0.018555
0 0.874512 0.777344 0.026367 0.048828
0 0.746582 0.928223 0.088867 0.083008
0 0.675293 0.886719 0.028320 0.025391
0 0.663086 0.840332 0.029297 0.028320
0 0.599609 0.817383 0.025391 0.025391
0 0.663086 0.930664 0.033203 0.029297
0 0.683594 0.941895 0.013672 0.012695
0 0.629883 0.970703 0.021484 0.015625
0 0.625488 0.987793 0.024414 0.012695
0 0.568848 0.942871 0.014648 0.012695
0 0.601074 0.965332 0.047852 0.036133
0 0.591797 0.993652 0.017578 0.012695
0 0.516602 0.972168 0.029297 0.020508
0 0.479980 0.947266 0.040039 0.029297
0 0.515137 0.907715 0.032227 0.024414
0 0.450195 0.959473 0.013672 0.010742
0 0.460449 0.977539 0.014648 0.011719
0 0.415039 0.965820 0.044922 0.031250
0 0.371582 0.977539 0.041992 0.031250
0 0.315918 0.948242 0.036133 0.029297
0 0.346680 0.944824 0.019531 0.014648
0 0.330566 0.910156 0.016602 0.013672
0 0.397461 0.894531 0.025391 0.021484
0 0.392090 0.920410 0.038086 0.030273
0 0.383301 0.862305 0.034180 0.031250
0 0.497070 0.832031 0.041016 0.037109
0 0.195312 0.836914 0.017578 0.021484
0 0.241211 0.823242 0.025391 0.025391
0 0.242188 0.787109 0.035156 0.039062
0 0.188477 0.781250 0.033203 0.039062
0 0.161133 0.793457 0.011719 0.014648
0 0.187500 0.915039 0.128906 0.126953
0 0.162109 0.829102 0.042969 0.050781
0 0.127441 0.834473 0.014648 0.020508
0 0.104980 0.823242 0.032227 0.044922
0 0.130371 0.780273 0.024414 0.037109
0 0.233887 0.741699 0.018555 0.020508
0 0.354492 0.744141 0.041016 0.042969
0 0.410645 0.744629 0.014648 0.014648
0 0.518555 0.741699 0.011719 0.012695
0 0.259766 0.694336 0.029297 0.033203
0 0.220215 0.693848 0.016602 0.018555
0 0.548340 0.702148 0.059570 0.058594
0 0.625000 0.666016 0.015625 0.015625
0 0.649902 0.665527 0.016602 0.016602
0 0.716309 0.648926 0.026367 0.032227
0 0.771484 0.619141 0.013672 0.019531
0 0.791016 0.584473 0.007812 0.010742
0 0.775391 0.588379 0.011719 0.014648
0 0.729492 0.576660 0.021484 0.024414
0 0.692871 0.583984 0.012695 0.013672
0 0.702637 0.506836 0.030273 0.033203
0 0.654297 0.586914 0.009766 0.011719
0 0.556641 0.586426 0.013672 0.014648
0 0.544922 0.546875 0.015625 0.017578
0 0.473145 0.340332 0.016602 0.014648
0 0.396973 0.340332 0.010742 0.010742
0 0.397461 0.364258 0.033203 0.029297
0 0.479004 0.493652 0.124023 0.124023
0 0.429199 0.590820 0.008789 0.009766
0 0.405762 0.562012 0.012695 0.014648
0 0.381836 0.532227 0.013672 0.015625
0 0.355957 0.546875 0.014648 0.015625
0 0.329590 0.631836 0.038086 0.039062
0 0.255371 0.647461 0.040039 0.044922
0 0.258301 0.594238 0.038086 0.043945
0 0.246582 0.529785 0.014648 0.018555
0 0.181641 0.613281 0.007812 0.009766
0 0.200684 0.604980 0.024414 0.030273
0 0.155273 0.671387 0.029297 0.038086
0 0.167480 0.705078 0.010742 0.015625
0 0.103027 0.606934 0.018555 0.036133
0 0.112305 0.557129 0.021484 0.036133
0 0.208008 0.545898 0.050781 0.058594
0 0.253906 0.496094 0.013672 0.015625
0 0.198730 0.487305 0.012695 0.013672
0 0.227051 0.452637 0.014648 0.014648
0 0.221191 0.371582 0.030273 0.030273
0 0.256836 0.347656 0.033203 0.031250
0 0.258789 0.308594 0.033203 0.027344
0 0.148438 0.386230 0.015625 0.014648
0 0.179688 0.343262 0.017578 0.020508
0 0.120605 0.408203 0.026367 0.029297
0 0.124023 0.433594 0.019531 0.023438
0 0.130859 0.453125 0.011719 0.015625
0 0.101074 0.462402 0.018555 0.020508
0 0.898926 0.423340 0.032227 0.041992
0 0.096191 0.695801 0.016602 0.026367
0 0.066895 0.695801 0.018555 0.024414
0 0.053711 0.628906 0.025391 0.037109
0 0.080566 0.652832 0.014648 0.020508
0 0.069336 0.569824 0.021484 0.028320
0 0.086426 0.536621 0.020508 0.036133
0 0.052246 0.553711 0.018555 0.031250
0 0.051758 0.521484 0.025391 0.033203
0 0.400391 0.275879 0.011719 0.010742
0 0.821777 0.503906 0.049805 0.072266
0 0.795410 0.704102 0.063477 0.072266
0 0.825684 0.871582 0.028320 0.034180
0 0.914062 0.568359 0.019531 0.027344
0 0.485840 0.661621 0.016602 0.016602
0 0.759766 0.798340 0.121094 0.122070
0 0.750977 0.763672 0.148438 0.191406
0 0.405273 0.891113 0.042969 0.034180
0 0.256348 0.689941 0.018555 0.020508
0 0.118164 0.531738 0.013672 0.020508
0 0.361816 0.468262 0.092773 0.098633
0 0.361816 0.463379 0.090820 0.088867
0 0.485840 0.500977 0.110352 0.113281
