0 0.357422 0.317871 0.074219 0.059570
0 0.429199 0.279297 0.055664 0.025391
0 0.455078 0.349121 0.099609 0.108398
0 0.529297 0.352539 0.041016 0.033203
0 0.639648 0.358887 0.054688 0.047852
0 0.741699 0.307617 0.100586 0.097656
0 0.577148 0.305176 0.134766 0.094727
0 0.528320 0.329590 0.007812 0.006836
0 0.342773 0.384766 0.060547 0.054688
0 0.556152 0.321289 0.049805 0.037109
0 0.374023 0.309570 0.015625 0.015625
0 0.283203 0.305664 0.058594 0.048828
0 0.200684 0.380859 0.051758 0.056641
0 0.243164 0.367188 0.027344 0.029297
0 0.193848 0.333008 0.084961 0.082031
0 0.115234 0.426758 0.015625 0.019531
0 0.137695 0.410645 0.033203 0.041992
0 0.254883 0.410156 0.041016 0.044922
0 0.264160 0.401367 0.018555 0.019531
0 0.278320 0.437500 0.017578 0.019531
0 0.209961 0.451172 0.042969 0.048828
0 0.153809 0.462402 0.038086 0.049805
0 0.115723 0.514648 0.034180 0.054688
0 0.083008 0.493164 0.031250 0.050781
0 0.137207 0.549316 0.018555 0.026367
0 0.272461 0.544434 0.041016 0.045898
0 0.283691 0.549316 0.016602 0.018555
0 0.321289 0.482422 0.066406 0.064453
0 0.382324 0.490723 0.055664 0.053711
0 0.370605 0.534180 0.032227 0.031250
0 0.371094 0.570801 0.035156 0.036133
0 0.401367 0.597656 0.042969 0.044922
0 0.370605 0.613770 0.022461 0.024414
0 0.336914 0.603027 0.011719 0.012695
0 0.333496 0.625488 0.024414 0.026367
0 0.304199 0.621582 0.008789 0.008789
0 0.444824 0.604004 0.010742 0.012695
0 0.458496 0.612305 0.041992 0.042969
0 0.491699 0.585449 0.045898 0.047852
0 0.516602 0.552734 0.025391 0.025391
0 0.495605 0.518066 0.020508 0.020508
0 0.527344 0.521484 0.041016 0.041016
0 0.546875 0.438965 0.089844 0.106445
0 0.547363 0.455078 0.079102 0.072266
0 0.640137 0.406738 0.047852 0.045898
0 0.753906 0.452637 0.017578 0.020508
0 0.761719 0.422852 0.011719 0.011719
0 0.719238 0.494629 0.028320 0.040039
0 0.766602 0.379883 0.011719 0.011719
0 0.820312 0.394043 0.019531 0.022461
0 0.833008 0.456543 0.042969 0.063477
0 0.878418 0.438965 0.116211 0.213867
0 0.830566 0.494629 0.022461 0.026367
0 0.864258 0.531738 0.025391 0.041992
0 0.875977 0.501465 0.007812 0.010742
0 0.879883 0.561035 0.009766 0.014648
0 0.882812 0.577637 0.009766 0.016602
0 0.888672 0.607910 0.011719 0.018555
0 0.905273 0.592285 0.029297 0.053711
0 0.858398 0.580566 0.019531 0.034180
0 0.837891 0.587402 0.021484 0.032227
0 0.854492 0.611816 0.017578 0.026367
0 0.826660 0.622070 0.006836 0.009766
0 0.808105 0.690918 0.020508 0.028320
0 0.784180 0.621582 0.013672 0.018555
0 0.745605 0.621582 0.022461 0.024414
0 0.735352 0.663574 0.015625 0.018555
0 0.707520 0.626465 0.036133 0.045898
0 0.700195 0.732910 0.017578 0.022461
0 0.728516 0.748535 0.035156 0.038086
0 0.602051 0.722168 0.041992 0.041992
0 0.651367 0.700684 0.017578 0.018555
0 0.559570 0.696289 0.072266 0.072266
0 0.453125 0.660156 0.041016 0.041016
0 0.409668 0.725586 0.004883 0.005859
0 0.349121 0.742188 0.024414 0.025391
0 0.259277 0.780273 0.040039 0.041016
0 0.206543 0.752441 0.008789 0.010742
0 0.257812 0.675781 0.021484 0.023438
0 0.199707 0.664062 0.012695 0.015625
0 0.216797 0.662109 0.013672 0.015625
0 0.246582 0.631836 0.038086 0.044922
0 0.160156 0.604492 0.009766 0.009766
0 0.090820 0.581055 0.013672 0.021484
0 0.138184 0.608398 0.014648 0.023438
0 0.195312 0.547852 0.082031 0.103516
0 0.097168 0.435059 0.026367 0.036133
0 0.098633 0.376465 0.060547 0.094727
0 0.370605 0.423340 0.026367 0.024414
0 0.649902 0.536621 0.034180 0.034180
0 0.587891 0.509277 0.048828 0.047852
0 0.615234 0.549316 0.027344 0.026367
0 0.604492 0.567871 0.013672 0.014648
0 0.580566 0.571777 0.034180 0.034180
0 0.586914 0.609863 0.035156 0.036133
0 0.643555 0.608398 0.074219 0.093750
0 0.785156 0.385254 0.023438 0.030273
0 0.732910 0.479004 0.174805 0.239258
0 0.235352 0.253418 0.027344 0.022461
0 0.296387 0.248535 0.079102 0.047852
0 0.544434 0.210938 0.125977 0.087891
0 0.711426 0.248047 0.043945 0.033203
