0 0.565430 0.282715 0.128906 0.094727
0 0.721680 0.300293 0.083984 0.081055
0 0.876953 0.437012 0.117188 0.208008
0 0.645508 0.583008 0.072266 0.089844
0 0.591309 0.581055 0.034180 0.035156
0 0.466309 0.587402 0.038086 0.036133
0 0.589844 0.487793 0.050781 0.049805
0 0.556152 0.415527 0.092773 0.100586
0 0.726074 0.724121 0.034180 0.038086
0 0.700684 0.709473 0.020508 0.024414
0 0.573242 0.671387 0.078125 0.084961
0 0.351562 0.718262 0.025391 0.026367
0 0.252441 0.750000 0.040039 0.042969
0 0.339844 0.601074 0.027344 0.028320
0 0.251953 0.606445 0.041016 0.046875
0 0.221191 0.633301 0.014648 0.016602
0 0.300293 0.640625 0.010742 0.009766
0 0.260742 0.649414 0.021484 0.025391
0 0.205078 0.634277 0.013672 0.018555
0 0.204102 0.522949 0.083984 0.104492
0 0.404297 0.578125 0.052734 0.054688
0 0.276855 0.527832 0.041992 0.045898
0 0.287109 0.530273 0.021484 0.021484
0 0.327148 0.472168 0.066406 0.065430
0 0.377441 0.415039 0.030273 0.025391
0 0.169434 0.437500 0.043945 0.052734
0 0.129883 0.483398 0.037109 0.058594
0 0.106445 0.366699 0.066406 0.102539
0 0.208984 0.360840 0.050781 0.053711
0 0.219238 0.431152 0.041992 0.049805
0 0.267578 0.388184 0.023438 0.022461
0 0.277344 0.295410 0.056641 0.047852
0 0.344238 0.383301 0.059570 0.053711
0 0.816406 0.393555 0.019531 0.023438
0 0.719238 0.495117 0.026367 0.037109
0 0.753418 0.400879 0.010742 0.012695
0 0.748535 0.431641 0.020508 0.021484
0 0.731934 0.640137 0.018555 0.020508
0 0.098633 0.539062 0.013672 0.019531
0 0.061035 0.530762 0.022461 0.040039
0 0.820312 0.605469 0.009766 0.015625
0 0.848145 0.597168 0.016602 0.026367
0 0.898438 0.566406 0.027344 0.056641
0 0.524414 0.533203 0.027344 0.023438
0 0.454102 0.582031 0.013672 0.015625
0 0.547852 0.223145 0.121094 0.077148
0 0.534668 0.230957 0.086914 0.055664
0 0.095703 0.461914 0.029297 0.042969
0 0.872559 0.500488 0.012695 0.016602
0 0.648438 0.519043 0.035156 0.036133
0 0.831543 0.574707 0.024414 0.034180
0 0.806152 0.670898 0.022461 0.031250
0 0.646973 0.679688 0.018555 0.023438
0 0.457031 0.363281 0.089844 0.082031
0 0.287598 0.239746 0.051758 0.032227
0 0.551758 0.302734 0.048828 0.037109
0 0.556641 0.428223 0.082031 0.071289
0 0.778320 0.601562 0.017578 0.021484
0 0.388672 0.480469 0.054688 0.052734
0 0.376465 0.533203 0.051758 0.050781
0 0.144531 0.572754 0.017578 0.024414
0 0.282227 0.426270 0.017578 0.020508
0 0.346680 0.320801 0.072266 0.067383
0 0.361816 0.315430 0.016602 0.015625
0 0.205566 0.309570 0.079102 0.074219
0 0.205566 0.302734 0.114258 0.107422
0 0.248047 0.354980 0.025391 0.026367
0 0.413574 0.295410 0.063477 0.045898
0 0.431152 0.264648 0.022461 0.015625
0 0.460449 0.350098 0.096680 0.108398
0 0.133789 0.362793 0.017578 0.020508
0 0.156250 0.384277 0.033203 0.043945
0 0.132812 0.406250 0.011719 0.015625
0 0.112793 0.412109 0.026367 0.039062
0 0.131348 0.474121 0.024414 0.034180
0 0.259277 0.397949 0.041992 0.043945
0 0.332031 0.472656 0.054688 0.056641
0 0.347168 0.582031 0.012695 0.015625
0 0.390625 0.582031 0.029297 0.029297
0 0.377441 0.540039 0.038086 0.037109
0 0.168457 0.573242 0.010742 0.013672
0 0.147949 0.519531 0.022461 0.029297
0 0.201660 0.713867 0.010742 0.013672
0 0.461914 0.633789 0.044922 0.042969
0 0.500000 0.561035 0.046875 0.047852
0 0.310547 0.601562 0.011719 0.011719
0 0.531738 0.499023 0.051758 0.044922
0 0.583984 0.546875 0.035156 0.035156
0 0.607910 0.544434 0.014648 0.016602
0 0.615723 0.528809 0.028320 0.028320
0 0.704102 0.604980 0.041016 0.051758
0 0.741699 0.599121 0.026367 0.030273
0 0.882324 0.587402 0.010742 0.018555
0 0.875977 0.567871 0.009766 0.016602
0 0.870605 0.552734 0.010742 0.015625
0 0.850586 0.568359 0.023438 0.033203
0 0.858398 0.522461 0.029297 0.042969
0 0.810547 0.479980 0.009766 0.012695
0 0.627441 0.339844 0.053711 0.046875
0 0.781250 0.371094 0.025391 0.025391
0 0.668457 0.318359 0.041992 0.042969
0 0.729980 0.463867 0.163086 0.179688
0 0.775391 0.517090 0.007812 0.008789
0 0.735840 0.459473 0.213867 0.237305
0 0.534180 0.336426 0.042969 0.034180
