0 0.602539 0.278809 0.042969 0.032227
0 0.570312 0.370605 0.017578 0.014648
0 0.484375 0.356934 0.017578 0.014648
0 0.386230 0.347656 0.010742 0.009766
0 0.361328 0.304199 0.009766 0.008789
0 0.390625 0.369629 0.031250 0.026367
0 0.247559 0.356445 0.030273 0.029297
0 0.246094 0.316406 0.025391 0.023438
0 0.214355 0.379883 0.028320 0.029297
0 0.223633 0.461914 0.013672 0.015625
0 0.252441 0.502441 0.012695 0.014648
0 0.114258 0.415039 0.017578 0.027344
0 0.144043 0.392090 0.016602 0.018555
0 0.121582 0.442383 0.018555 0.021484
0 0.127441 0.458008 0.010742 0.013672
0 0.098145 0.471191 0.010742 0.014648
0 0.195801 0.494629 0.012695 0.014648
0 0.245605 0.536621 0.014648 0.018555
0 0.207031 0.551270 0.048828 0.061523
0 0.179688 0.618164 0.007812 0.009766
0 0.199707 0.609375 0.024414 0.031250
0 0.257812 0.599121 0.039062 0.043945
0 0.252930 0.651367 0.039062 0.044922
0 0.325195 0.636230 0.037109 0.040039
0 0.352051 0.550781 0.014648 0.015625
0 0.378906 0.539062 0.013672 0.013672
0 0.403809 0.568359 0.014648 0.015625
0 0.425781 0.597168 0.009766 0.010742
0 0.481445 0.503418 0.125000 0.122070
0 0.542969 0.557617 0.013672 0.015625
0 0.554199 0.597656 0.012695 0.013672
0 0.479980 0.668945 0.012695 0.013672
0 0.543945 0.710938 0.058594 0.058594
0 0.622070 0.675781 0.015625 0.017578
0 0.646973 0.674316 0.016602 0.016602
0 0.713867 0.655273 0.027344 0.031250
0 0.691406 0.592773 0.013672 0.015625
0 0.728516 0.582520 0.021484 0.024414
0 0.652344 0.596680 0.009766 0.011719
0 0.771973 0.600586 0.010742 0.013672
0 0.768066 0.625000 0.014648 0.017578
0 0.790527 0.596191 0.008789 0.010742
0 0.915039 0.575684 0.019531 0.030273
0 0.702637 0.514160 0.030273 0.034180
0 0.718262 0.493164 0.018555 0.023438
0 0.760254 0.518066 0.014648 0.018555
0 0.775879 0.518066 0.006836 0.006836
0 0.775391 0.528809 0.009766 0.010742
0 0.823730 0.515625 0.061523 0.089844
0 0.821289 0.508301 0.050781 0.071289
0 0.821777 0.444336 0.008789 0.011719
0 0.782227 0.469238 0.013672 0.016602
0 0.835938 0.612305 0.009766 0.015625
0 0.830078 0.628418 0.007812 0.008789
0 0.847656 0.659180 0.009766 0.011719
0 0.869629 0.614258 0.026367 0.042969
0 0.837891 0.709961 0.025391 0.041016
0 0.881836 0.730957 0.023438 0.040039
0 0.871582 0.784180 0.032227 0.046875
0 0.841797 0.770508 0.021484 0.027344
0 0.792969 0.708008 0.062500 0.072266
0 0.757812 0.801758 0.125000 0.121094
0 0.823242 0.876953 0.031250 0.037109
0 0.794922 0.875977 0.015625 0.017578
0 0.748047 0.766602 0.150391 0.189453
0 0.516113 0.749023 0.010742 0.011719
0 0.597168 0.823242 0.026367 0.025391
0 0.662598 0.844238 0.032227 0.028320
0 0.674316 0.889648 0.032227 0.029297
0 0.740723 0.929688 0.092773 0.078125
0 0.584961 0.433594 0.009766 0.007812
0 0.682617 0.369141 0.025391 0.025391
0 0.729492 0.328125 0.023438 0.023438
0 0.369141 0.471680 0.093750 0.097656
0 0.369141 0.490723 0.031250 0.032227
0 0.257812 0.698730 0.029297 0.032227
0 0.254395 0.695312 0.020508 0.021484
0 0.301758 0.720703 0.007812 0.009766
0 0.406250 0.750488 0.015625 0.016602
0 0.352051 0.749023 0.041992 0.042969
0 0.219727 0.698730 0.017578 0.020508
0 0.155273 0.676270 0.029297 0.040039
0 0.166016 0.709961 0.011719 0.015625
0 0.230469 0.746094 0.019531 0.021484
0 0.240723 0.790527 0.034180 0.038086
0 0.240234 0.826172 0.027344 0.027344
0 0.187012 0.786133 0.034180 0.041016
0 0.191406 0.838867 0.019531 0.023438
0 0.160645 0.798340 0.010742 0.014648
0 0.130859 0.784668 0.029297 0.040039
0 0.096680 0.701660 0.019531 0.028320
0 0.104004 0.613770 0.020508 0.032227
0 0.109863 0.564941 0.022461 0.034180
0 0.083984 0.545898 0.019531 0.033203
0 0.070801 0.573730 0.020508 0.036133
0 0.171875 0.351074 0.015625 0.018555
0 0.082031 0.658691 0.017578 0.024414
0 0.071289 0.702148 0.023438 0.029297
0 0.129883 0.840820 0.017578 0.017578
0 0.164062 0.840332 0.046875 0.051758
0 0.186523 0.916992 0.144531 0.128906
0 0.316895 0.948730 0.043945 0.032227
0 0.332031 0.912598 0.019531 0.012695
0 0.381836 0.865723 0.037109 0.030273
0 0.402832 0.895020 0.040039 0.032227
0 0.391602 0.924316 0.039062 0.028320
0 0.493652 0.837402 0.041992 0.036133
0 0.346680 0.946289 0.019531 0.017578
0 0.374023 0.978027 0.044922 0.032227
0 0.414551 0.967285 0.045898 0.030273
0 0.449707 0.962402 0.014648 0.012695
0 0.458496 0.978516 0.016602 0.011719
0 0.478027 0.949707 0.043945 0.030273
0 0.511719 0.912598 0.035156 0.026367
0 0.515137 0.974609 0.032227 0.023438
0 0.566895 0.946777 0.016602 0.010742
0 0.660156 0.933594 0.037109 0.027344
0 0.681152 0.943359 0.016602 0.013672
0 0.599121 0.966309 0.049805 0.034180
0 0.626465 0.970215 0.022461 0.014648
0 0.625000 0.986816 0.017578 0.012695
0 0.115234 0.539551 0.019531 0.018555
