0 0.131836 0.374512 0.025391 0.034180
0 0.167969 0.359863 0.041016 0.043945
0 0.154785 0.369141 0.012695 0.015625
0 0.155762 0.333496 0.016602 0.018555
0 0.219238 0.291504 0.086914 0.073242
0 0.223633 0.286621 0.117188 0.102539
0 0.225586 0.342285 0.066406 0.059570
0 0.287109 0.281738 0.056641 0.043945
0 0.361328 0.312500 0.021484 0.015625
0 0.342773 0.360352 0.066406 0.052734
0 0.344727 0.335938 0.083984 0.097656
0 0.371582 0.401367 0.030273 0.025391
0 0.115234 0.358887 0.101562 0.143555
0 0.114258 0.420898 0.033203 0.042969
0 0.074219 0.475586 0.025391 0.052734
0 0.108887 0.489258 0.016602 0.017578
0 0.141113 0.451172 0.040039 0.052734
0 0.146484 0.444336 0.027344 0.041016
0 0.180664 0.414062 0.046875 0.054688
0 0.241211 0.402344 0.048828 0.060547
0 0.293457 0.410645 0.016602 0.016602
0 0.160156 0.481445 0.025391 0.033203
0 0.152832 0.534668 0.022461 0.028320
0 0.172852 0.539551 0.009766 0.010742
0 0.209961 0.495117 0.087891 0.103516
0 0.279785 0.507812 0.043945 0.046875
0 0.288574 0.511230 0.024414 0.026367
0 0.332031 0.453613 0.066406 0.065430
0 0.334961 0.453125 0.056641 0.056641
0 0.392090 0.462891 0.053711 0.052734
0 0.380371 0.513184 0.049805 0.049805
0 0.379395 0.517090 0.041992 0.038086
0 0.409180 0.553223 0.058594 0.055664
0 0.400391 0.555176 0.037109 0.036133
0 0.342773 0.571289 0.033203 0.035156
0 0.345703 0.562988 0.017578 0.016602
0 0.311523 0.575195 0.011719 0.011719
0 0.253906 0.575684 0.041016 0.045898
0 0.209473 0.600098 0.016602 0.016602
0 0.225098 0.601074 0.018555 0.022461
0 0.262207 0.618652 0.028320 0.032227
0 0.200195 0.673340 0.015625 0.016602
0 0.244141 0.713867 0.042969 0.048828
0 0.350586 0.690430 0.027344 0.027344
0 0.457520 0.601074 0.034180 0.047852
0 0.487793 0.548340 0.063477 0.059570
0 0.537109 0.491699 0.052734 0.053711
0 0.587402 0.464844 0.049805 0.048828
0 0.603516 0.499023 0.027344 0.027344
0 0.587891 0.543945 0.035156 0.041016
0 0.638184 0.547852 0.069336 0.087891
0 0.622559 0.541016 0.106445 0.107422
0 0.574219 0.644531 0.080078 0.085938
0 0.642578 0.650879 0.023438 0.022461
0 0.695312 0.682129 0.015625 0.020508
0 0.722168 0.694824 0.036133 0.041992
0 0.798828 0.647949 0.025391 0.034180
0 0.722168 0.610840 0.018555 0.022461
0 0.695312 0.580566 0.050781 0.055664
0 0.732910 0.574707 0.026367 0.032227
0 0.766113 0.580566 0.020508 0.024414
0 0.810059 0.590332 0.010742 0.014648
0 0.837891 0.571289 0.037109 0.056641
0 0.841309 0.583984 0.018555 0.027344
0 0.849121 0.520508 0.028320 0.042969
0 0.865234 0.550781 0.009766 0.013672
0 0.874512 0.554688 0.008789 0.017578
0 0.882812 0.557617 0.013672 0.017578
0 0.813965 0.387695 0.018555 0.023438
0 0.748535 0.412109 0.018555 0.017578
0 0.749023 0.381836 0.011719 0.011719
0 0.718262 0.493164 0.026367 0.037109
0 0.771973 0.499512 0.006836 0.006836
0 0.808105 0.462402 0.012695 0.016602
0 0.729980 0.447266 0.161133 0.177734
0 0.677246 0.347168 0.010742 0.008789
0 0.683594 0.516602 0.007812 0.007812
0 0.877930 0.450684 0.115234 0.221680
0 0.559570 0.398438 0.095703 0.097656
0 0.623535 0.330566 0.055664 0.047852
0 0.558105 0.411133 0.077148 0.072266
0 0.728027 0.442871 0.213867 0.225586
0 0.714844 0.296875 0.095703 0.078125
0 0.654297 0.310547 0.046875 0.033203
0 0.547363 0.292969 0.051758 0.037109
0 0.528809 0.324219 0.041992 0.033203
0 0.522949 0.305664 0.008789 0.007812
0 0.560547 0.274902 0.130859 0.086914
0 0.446777 0.274414 0.022461 0.015625
0 0.441406 0.275879 0.042969 0.028320
0 0.442383 0.297852 0.103516 0.058594
0 0.459473 0.352051 0.090820 0.081055
