0 0.245117 0.270508 0.091797 0.070312
0 0.295898 0.287109 0.060547 0.052734
0 0.358398 0.319824 0.091797 0.077148
0 0.364746 0.329102 0.065430 0.050781
0 0.445312 0.285156 0.023438 0.013672
0 0.469238 0.345215 0.098633 0.086914
0 0.534180 0.322754 0.039062 0.032227
0 0.571289 0.388672 0.091797 0.089844
0 0.571289 0.395996 0.076172 0.071289
0 0.549316 0.291992 0.049805 0.037109
0 0.551270 0.276855 0.135742 0.090820
0 0.630859 0.318359 0.056641 0.048828
0 0.692871 0.286621 0.102539 0.081055
0 0.753906 0.408691 0.019531 0.018555
0 0.735352 0.436035 0.214844 0.211914
0 0.719727 0.492676 0.029297 0.034180
0 0.757812 0.376465 0.013672 0.014648
0 0.682129 0.340820 0.010742 0.007812
0 0.821777 0.391602 0.022461 0.023438
0 0.852051 0.494141 0.028320 0.044922
0 0.866211 0.521973 0.011719 0.016602
0 0.877441 0.530762 0.016602 0.024414
0 0.877441 0.441895 0.118164 0.243164
0 0.839355 0.546875 0.034180 0.054688
0 0.839844 0.560547 0.019531 0.027344
0 0.684082 0.501465 0.008789 0.008789
0 0.754395 0.560059 0.020508 0.026367
0 0.794922 0.621582 0.027344 0.036133
0 0.808594 0.569336 0.009766 0.013672
0 0.715332 0.585449 0.022461 0.024414
0 0.699219 0.557617 0.033203 0.037109
0 0.623047 0.518066 0.107422 0.129883
0 0.552734 0.467285 0.054688 0.053711
0 0.541504 0.458984 0.026367 0.025391
0 0.637695 0.633301 0.025391 0.026367
0 0.715332 0.664062 0.041992 0.046875
0 0.570801 0.620117 0.083008 0.087891
0 0.479004 0.539551 0.075195 0.077148
0 0.349121 0.659180 0.034180 0.035156
0 0.237793 0.670898 0.041992 0.048828
0 0.200684 0.624512 0.016602 0.020508
0 0.261230 0.581543 0.026367 0.032227
0 0.224609 0.562500 0.023438 0.027344
0 0.221191 0.562012 0.016602 0.018555
0 0.255371 0.540527 0.040039 0.045898
0 0.309570 0.547852 0.009766 0.009766
0 0.338379 0.546387 0.032227 0.034180
0 0.339844 0.538574 0.019531 0.020508
0 0.275879 0.476562 0.041992 0.044922
0 0.339844 0.435547 0.062500 0.060547
0 0.375977 0.395020 0.029297 0.026367
0 0.399902 0.488770 0.088867 0.086914
0 0.392090 0.479004 0.069336 0.067383
0 0.214355 0.463867 0.086914 0.101562
0 0.156738 0.494141 0.020508 0.027344
0 0.172852 0.391113 0.064453 0.077148
0 0.164551 0.383789 0.036133 0.042969
0 0.249023 0.382812 0.056641 0.058594
0 0.301270 0.393555 0.016602 0.017578
0 0.232910 0.332031 0.063477 0.060547
0 0.142090 0.357422 0.036133 0.044922
0 0.181152 0.312500 0.014648 0.015625
0 0.098633 0.415039 0.029297 0.037109
0 0.130859 0.425293 0.017578 0.020508
