0 0.613770 0.279785 0.043945 0.030273
0 0.570801 0.377930 0.020508 0.017578
0 0.604980 0.309570 0.010742 0.009766
0 0.687012 0.370117 0.026367 0.023438
0 0.735840 0.323242 0.020508 0.021484
0 0.823242 0.447754 0.009766 0.010742
0 0.780762 0.473145 0.014648 0.018555
0 0.776855 0.526855 0.006836 0.006836
0 0.759766 0.525879 0.015625 0.018555
0 0.774902 0.536133 0.008789 0.009766
0 0.822754 0.517090 0.065430 0.090820
0 0.867676 0.619141 0.024414 0.044922
0 0.833984 0.618652 0.011719 0.016602
0 0.829590 0.632812 0.008789 0.009766
0 0.846191 0.663574 0.008789 0.012695
0 0.835938 0.715332 0.023438 0.041992
0 0.876953 0.736816 0.021484 0.041992
0 0.789062 0.879883 0.017578 0.021484
0 0.865234 0.791016 0.031250 0.048828
0 0.737793 0.934082 0.088867 0.083008
0 0.671875 0.892578 0.031250 0.027344
0 0.660645 0.847656 0.030273 0.031250
0 0.594727 0.828613 0.027344 0.024414
0 0.660156 0.936523 0.033203 0.029297
0 0.680664 0.944824 0.013672 0.012695
0 0.628906 0.971680 0.021484 0.015625
0 0.625488 0.987793 0.024414 0.012695
0 0.564941 0.948730 0.014648 0.012695
0 0.597168 0.969238 0.047852 0.036133
0 0.590820 0.993652 0.017578 0.012695
0 0.514160 0.976074 0.034180 0.020508
0 0.477051 0.951172 0.043945 0.029297
0 0.509277 0.915527 0.034180 0.026367
0 0.448242 0.963379 0.013672 0.010742
0 0.458496 0.979492 0.014648 0.011719
0 0.375000 0.979004 0.046875 0.030273
0 0.316895 0.950195 0.036133 0.029297
0 0.346680 0.947754 0.019531 0.014648
0 0.330566 0.915039 0.016602 0.013672
0 0.378418 0.869141 0.036133 0.031250
0 0.491211 0.842773 0.041016 0.037109
0 0.189453 0.843750 0.017578 0.021484
0 0.238281 0.829102 0.025391 0.025391
0 0.237305 0.791992 0.035156 0.039062
0 0.185059 0.790039 0.034180 0.041016
0 0.196289 0.922852 0.128906 0.126953
0 0.162598 0.843262 0.043945 0.051758
0 0.109863 0.837891 0.032227 0.044922
0 0.131836 0.790527 0.027344 0.040039
0 0.229004 0.749512 0.020508 0.022461
0 0.347168 0.753418 0.041992 0.043945
0 0.402344 0.756348 0.017578 0.016602
0 0.512695 0.755371 0.011719 0.012695
0 0.254395 0.703613 0.026367 0.030273
0 0.216797 0.702148 0.019531 0.021484
0 0.540527 0.717773 0.059570 0.058594
0 0.619141 0.684082 0.017578 0.018555
0 0.642578 0.681152 0.017578 0.018555
0 0.712402 0.662109 0.028320 0.031250
0 0.766602 0.630859 0.013672 0.019531
0 0.790039 0.601074 0.009766 0.010742
0 0.771484 0.607910 0.011719 0.014648
0 0.728516 0.589355 0.021484 0.024414
0 0.690430 0.600098 0.013672 0.014648
0 0.702637 0.520508 0.030273 0.033203
0 0.651367 0.605469 0.009766 0.011719
0 0.550781 0.607910 0.013672 0.014648
0 0.541016 0.568359 0.015625 0.017578
0 0.487305 0.359863 0.017578 0.014648
0 0.374512 0.356934 0.010742 0.010742
0 0.384766 0.377930 0.033203 0.029297
0 0.420410 0.602539 0.008789 0.009766
0 0.398438 0.574707 0.013672 0.016602
0 0.375977 0.543945 0.013672 0.015625
0 0.350098 0.553711 0.014648 0.015625
0 0.320312 0.640137 0.037109 0.040039
0 0.250488 0.655273 0.040039 0.044922
0 0.256348 0.604004 0.038086 0.043945
0 0.243652 0.543457 0.016602 0.018555
0 0.181641 0.613281 0.007812 0.009766
0 0.197754 0.614746 0.024414 0.030273
0 0.153809 0.680664 0.030273 0.039062
0 0.164551 0.714844 0.010742 0.015625
0 0.102051 0.618652 0.018555 0.036133
0 0.108398 0.572754 0.021484 0.036133
0 0.204590 0.558105 0.049805 0.061523
0 0.251465 0.510742 0.014648 0.015625
0 0.192383 0.501465 0.011719 0.014648
0 0.219238 0.470703 0.014648 0.015625
0 0.208496 0.390625 0.030273 0.033203
0 0.239258 0.366211 0.033203 0.031250
0 0.235352 0.327148 0.027344 0.025391
0 0.136719 0.399902 0.015625 0.014648
0 0.166992 0.356934 0.017578 0.020508
0 0.108887 0.420898 0.026367 0.029297
0 0.116211 0.449219 0.019531 0.023438
0 0.122070 0.464844 0.011719 0.015625
0 0.097168 0.478027 0.018555 0.020508
0 0.097656 0.707031 0.019531 0.029297
0 0.069824 0.707520 0.018555 0.024414
0 0.053711 0.646484 0.025391 0.037109
0 0.081543 0.662598 0.014648 0.020508
0 0.067383 0.579590 0.021484 0.028320
0 0.083496 0.549316 0.020508 0.036133
0 0.049316 0.564453 0.018555 0.031250
0 0.048828 0.532227 0.025391 0.033203
0 0.347656 0.312988 0.011719 0.010742
0 0.791504 0.712891 0.063477 0.072266
0 0.817383 0.881836 0.029297 0.037109
0 0.915039 0.581055 0.019531 0.027344
0 0.476074 0.677246 0.016602 0.016602
0 0.752930 0.805176 0.126953 0.122070
0 0.374512 0.478027 0.092773 0.096680
0 0.375000 0.499023 0.033203 0.037109
0 0.482910 0.512695 0.125977 0.123047
0 0.819824 0.508301 0.053711 0.071289
0 0.820801 0.396973 0.012695 0.014648
0 0.251465 0.700195 0.022461 0.025391
0 0.112793 0.546387 0.014648 0.018555
0 0.131348 0.845703 0.012695 0.019531
0 0.159668 0.803223 0.010742 0.014648
0 0.401367 0.897461 0.039062 0.029297
0 0.390625 0.925293 0.042969 0.030273
0 0.413574 0.968262 0.047852 0.032227
0 0.834961 0.774902 0.021484 0.030273
0 0.746094 0.770508 0.154297 0.191406
