0 0.439941 0.323730 0.094727 0.083008
0 0.517578 0.338379 0.072266 0.088867
0 0.363770 0.296875 0.088867 0.062500
0 0.429199 0.270508 0.024414 0.021484
0 0.458008 0.244141 0.017578 0.011719
0 0.540527 0.288574 0.049805 0.040039
0 0.549316 0.274902 0.125977 0.083008
0 0.250000 0.263184 0.074219 0.057617
0 0.237305 0.284668 0.115234 0.100586
0 0.310547 0.277832 0.056641 0.049805
0 0.306152 0.355469 0.020508 0.019531
0 0.160156 0.362793 0.029297 0.041992
0 0.132812 0.389160 0.013672 0.016602
0 0.169434 0.370117 0.059570 0.070312
0 0.234863 0.391113 0.102539 0.122070
0 0.230469 0.405273 0.085938 0.089844
0 0.273926 0.446289 0.041992 0.044922
0 0.177734 0.451172 0.027344 0.031250
0 0.250000 0.502930 0.048828 0.054688
0 0.266602 0.539551 0.033203 0.036133
0 0.284668 0.550781 0.008789 0.009766
0 0.308594 0.512207 0.011719 0.012695
0 0.333984 0.514648 0.033203 0.033203
0 0.335938 0.509766 0.023438 0.025391
0 0.341797 0.413086 0.072266 0.068359
0 0.400879 0.472168 0.092773 0.088867
0 0.392090 0.464355 0.075195 0.073242
0 0.487305 0.509277 0.076172 0.073242
0 0.561035 0.437500 0.055664 0.052734
0 0.550293 0.434082 0.030273 0.030273
0 0.651855 0.342285 0.010742 0.010742
0 0.840820 0.472168 0.031250 0.047852
0 0.864746 0.510742 0.022461 0.035156
0 0.831055 0.517090 0.037109 0.053711
0 0.835449 0.527832 0.022461 0.030273
0 0.810547 0.546387 0.013672 0.016602
0 0.870605 0.431641 0.127930 0.236328
0 0.699219 0.442871 0.246094 0.227539
0 0.729980 0.556641 0.041992 0.041016
0 0.721191 0.590332 0.026367 0.028320
0 0.770996 0.550293 0.024414 0.026367
0 0.723145 0.402344 0.020508 0.021484
0 0.727051 0.371094 0.010742 0.011719
0 0.718262 0.493164 0.026367 0.039062
0 0.623535 0.367188 0.043945 0.046875
0 0.619629 0.514648 0.084961 0.087891
0 0.707031 0.642578 0.039062 0.048828
0 0.799316 0.606445 0.028320 0.039062
0 0.632812 0.600098 0.027344 0.032227
0 0.570801 0.585938 0.083008 0.087891
0 0.350586 0.625000 0.039062 0.041016
0 0.238770 0.622070 0.045898 0.054688
0 0.211914 0.568848 0.021484 0.028320
0 0.664551 0.284180 0.127930 0.089844
0 0.739746 0.261230 0.049805 0.043945
