0 0.622559 0.274414 0.038086 0.037109
0 0.740234 0.318848 0.021484 0.022461
0 0.688965 0.370605 0.024414 0.022461
0 0.569824 0.382324 0.016602 0.016602
0 0.488281 0.362793 0.017578 0.016602
0 0.361816 0.367188 0.010742 0.009766
0 0.375488 0.383789 0.030273 0.027344
0 0.333984 0.323242 0.011719 0.011719
0 0.224609 0.333496 0.029297 0.030273
0 0.158203 0.365723 0.015625 0.016602
0 0.229004 0.375977 0.030273 0.031250
0 0.200195 0.399902 0.029297 0.034180
0 0.102539 0.427734 0.021484 0.031250
0 0.129883 0.406738 0.015625 0.018555
0 0.117676 0.471680 0.010742 0.015625
0 0.215332 0.480957 0.016602 0.018555
0 0.250000 0.518555 0.013672 0.017578
0 0.187988 0.510742 0.012695 0.015625
0 0.241211 0.549316 0.015625 0.018555
0 0.379395 0.502441 0.030273 0.030273
0 0.349121 0.494629 0.012695 0.014648
0 0.379883 0.481934 0.091797 0.092773
0 0.372559 0.547852 0.014648 0.015625
0 0.346191 0.556641 0.014648 0.015625
0 0.395508 0.579102 0.017578 0.017578
0 0.485352 0.520996 0.125000 0.122070
0 0.538086 0.579102 0.015625 0.013672
0 0.546875 0.618652 0.015625 0.014648
0 0.824219 0.447754 0.011719 0.012695
0 0.776855 0.477051 0.014648 0.018555
0 0.703125 0.525391 0.031250 0.033203
0 0.717285 0.492676 0.016602 0.024414
0 0.758789 0.531738 0.015625 0.016602
0 0.774902 0.541504 0.008789 0.010742
0 0.775391 0.532715 0.005859 0.006836
0 0.822266 0.517578 0.060547 0.089844
0 0.819824 0.509766 0.051758 0.070312
0 0.914062 0.588379 0.019531 0.030273
0 0.865723 0.623535 0.024414 0.041992
0 0.833008 0.624023 0.009766 0.015625
0 0.826172 0.637695 0.005859 0.005859
0 0.845703 0.670410 0.011719 0.012695
0 0.726562 0.595215 0.021484 0.024414
0 0.770508 0.614258 0.011719 0.013672
0 0.788574 0.605957 0.010742 0.010742
0 0.764160 0.636230 0.012695 0.016602
0 0.688965 0.608887 0.012695 0.014648
0 0.648926 0.614258 0.010742 0.011719
0 0.709473 0.669922 0.028320 0.031250
0 0.640137 0.689453 0.016602 0.017578
0 0.614746 0.691895 0.014648 0.016602
0 0.788574 0.714844 0.059570 0.072266
0 0.752441 0.808105 0.125977 0.122070
0 0.832520 0.721191 0.022461 0.036133
0 0.874512 0.745117 0.022461 0.037109
0 0.832520 0.783203 0.018555 0.025391
0 0.861816 0.797363 0.032227 0.045898
0 0.659180 0.851074 0.033203 0.030273
0 0.592285 0.833008 0.028320 0.025391
0 0.668945 0.893555 0.031250 0.027344
0 0.743652 0.774414 0.155273 0.191406
0 0.813965 0.886230 0.030273 0.036133
0 0.784668 0.886719 0.012695 0.015625
0 0.658691 0.936523 0.038086 0.029297
0 0.680176 0.946777 0.012695 0.012695
0 0.732422 0.932129 0.091797 0.077148
0 0.698242 0.984863 0.042969 0.024414
0 0.625000 0.987793 0.019531 0.012695
0 0.563965 0.951172 0.016602 0.009766
0 0.600586 0.970703 0.050781 0.033203
0 0.507812 0.918945 0.033203 0.025391
0 0.487793 0.845703 0.040039 0.033203
0 0.507812 0.762207 0.011719 0.010742
0 0.475098 0.953613 0.043945 0.030273
0 0.513184 0.978027 0.032227 0.020508
0 0.457031 0.981934 0.017578 0.010742
0 0.447754 0.964844 0.012695 0.009766
0 0.413574 0.969238 0.045898 0.030273
0 0.375977 0.979980 0.044922 0.030273
0 0.345703 0.949707 0.019531 0.014648
0 0.318359 0.951660 0.041016 0.030273
0 0.329102 0.917480 0.017578 0.014648
0 0.387695 0.927246 0.041016 0.030273
0 0.397949 0.900879 0.036133 0.028320
0 0.375977 0.872559 0.039062 0.032227
0 0.196289 0.925293 0.138672 0.125977
0 0.120117 0.848633 0.041016 0.041016
0 0.161133 0.846191 0.041016 0.049805
0 0.186523 0.845215 0.017578 0.020508
0 0.235840 0.832520 0.026367 0.026367
0 0.158691 0.807617 0.012695 0.013672
0 0.132324 0.793457 0.030273 0.038086
0 0.183594 0.794434 0.033203 0.040039
0 0.234863 0.797363 0.036133 0.038086
0 0.225586 0.754395 0.019531 0.022461
0 0.343750 0.757812 0.042969 0.042969
0 0.397461 0.760742 0.015625 0.015625
0 0.250488 0.707520 0.024414 0.028320
0 0.215820 0.708008 0.019531 0.021484
0 0.163086 0.719238 0.009766 0.012695
0 0.096680 0.713379 0.017578 0.028320
0 0.071289 0.712402 0.019531 0.026367
0 0.151855 0.686523 0.028320 0.041016
0 0.177246 0.629883 0.008789 0.007812
0 0.196289 0.620605 0.023438 0.030273
0 0.247070 0.660645 0.041016 0.045898
0 0.254883 0.609375 0.039062 0.044922
0 0.317383 0.644531 0.037109 0.041016
0 0.416016 0.608887 0.009766 0.010742
0 0.469727 0.683594 0.013672 0.013672
0 0.409668 0.725586 0.004883 0.005859
0 0.536133 0.725098 0.058594 0.059570
0 0.101074 0.625000 0.020508 0.035156
0 0.104980 0.577637 0.022461 0.036133
0 0.202637 0.564941 0.049805 0.061523
0 0.146973 0.570312 0.008789 0.007812
0 0.079590 0.557617 0.018555 0.033203
0 0.111328 0.456543 0.017578 0.022461
0 0.080078 0.668945 0.017578 0.019531
