0 0.213379 0.526855 0.026367 0.032227
0 0.235840 0.575195 0.047852 0.056641
0 0.345215 0.597168 0.043945 0.047852
0 0.310547 0.488770 0.011719 0.014648
0 0.330566 0.493652 0.030273 0.032227
0 0.263184 0.484375 0.055664 0.068359
0 0.274414 0.507324 0.007812 0.010742
0 0.262207 0.475586 0.051758 0.048828
0 0.343750 0.408691 0.074219 0.071289
0 0.401855 0.464355 0.092773 0.090820
0 0.394043 0.456543 0.077148 0.073242
0 0.485352 0.507812 0.078125 0.074219
0 0.557129 0.451660 0.057617 0.055664
0 0.547852 0.450195 0.037109 0.035156
0 0.235840 0.384766 0.122070 0.117188
0 0.231445 0.394531 0.085938 0.093750
0 0.311523 0.333984 0.023438 0.019531
0 0.383789 0.304688 0.087891 0.093750
0 0.474609 0.316895 0.113281 0.118164
0 0.541992 0.280762 0.050781 0.043945
0 0.485352 0.244141 0.019531 0.013672
0 0.258789 0.268555 0.050781 0.060547
0 0.181641 0.326172 0.042969 0.042969
0 0.223633 0.293457 0.136719 0.127930
0 0.302246 0.278320 0.069336 0.062500
0 0.544922 0.254395 0.068359 0.041992
0 0.571289 0.297363 0.080078 0.079102
0 0.667969 0.318848 0.095703 0.069336
0 0.602539 0.400391 0.048828 0.048828
0 0.619141 0.375000 0.013672 0.013672
0 0.701172 0.453613 0.169922 0.190430
0 0.719238 0.494629 0.026367 0.040039
0 0.793945 0.423828 0.064453 0.087891
0 0.815918 0.442383 0.024414 0.035156
0 0.696289 0.486816 0.257812 0.264648
0 0.624512 0.555176 0.112305 0.127930
0 0.750000 0.564941 0.046875 0.051758
0 0.754395 0.572754 0.024414 0.032227
0 0.812500 0.571289 0.029297 0.044922
0 0.789062 0.519043 0.027344 0.038086
0 0.820312 0.496094 0.011719 0.019531
0 0.870117 0.494141 0.017578 0.033203
0 0.725098 0.646484 0.043945 0.048828
0 0.645020 0.635254 0.032227 0.036133
0 0.657715 0.270508 0.034180 0.029297
0 0.699707 0.281738 0.049805 0.057617
0 0.735352 0.265625 0.048828 0.054688
0 0.864258 0.422363 0.148438 0.256836
