0 0.222168 0.491211 0.030273 0.035156
0 0.240723 0.534668 0.051758 0.057617
0 0.346680 0.567871 0.050781 0.053711
0 0.325195 0.471680 0.035156 0.035156
0 0.343750 0.408691 0.074219 0.071289
0 0.397949 0.452637 0.092773 0.090820
0 0.394043 0.447754 0.077148 0.073242
0 0.485352 0.497070 0.078125 0.074219
0 0.555176 0.468262 0.057617 0.055664
0 0.233398 0.375000 0.087891 0.085938
0 0.312500 0.322266 0.023438 0.019531
0 0.376953 0.301758 0.087891 0.093750
0 0.457031 0.312988 0.113281 0.118164
0 0.483398 0.246094 0.019531 0.013672
0 0.212891 0.291016 0.095703 0.087891
0 0.544922 0.258301 0.068359 0.041992
0 0.719238 0.494629 0.026367 0.040039
0 0.811523 0.526855 0.033203 0.041992
0 0.739746 0.617188 0.043945 0.048828
0 0.725586 0.247070 0.048828 0.054688
0 0.547363 0.471680 0.040039 0.046875
0 0.178223 0.315918 0.026367 0.020508
0 0.245605 0.358887 0.118164 0.114258
0 0.295410 0.258301 0.084961 0.071289
0 0.261719 0.469238 0.033203 0.034180
0 0.268555 0.452637 0.054688 0.057617
0 0.543457 0.292969 0.057617 0.042969
0 0.566406 0.305176 0.105469 0.086914
0 0.688965 0.269043 0.028320 0.038086
0 0.658203 0.274902 0.029297 0.022461
0 0.578613 0.374512 0.036133 0.034180
0 0.578613 0.424316 0.045898 0.049805
0 0.648926 0.557129 0.120117 0.098633
0 0.654785 0.565430 0.131836 0.117188
0 0.677734 0.384277 0.015625 0.018555
0 0.676270 0.356445 0.010742 0.011719
0 0.688477 0.431152 0.179688 0.180664
0 0.764648 0.531250 0.041016 0.048828
0 0.772949 0.388672 0.065430 0.076172
0 0.793945 0.401367 0.023438 0.031250
0 0.801270 0.449707 0.016602 0.020508
0 0.786621 0.475586 0.026367 0.037109
0 0.859375 0.414551 0.150391 0.237305
0 0.293457 0.792480 0.010742 0.008789
0 0.292480 0.343262 0.020508 0.024414
