0 0.568848 0.391602 0.020508 0.017578
0 0.604980 0.309570 0.010742 0.009766
0 0.688965 0.371094 0.022461 0.021484
0 0.741211 0.319824 0.015625 0.016602
0 0.824219 0.450684 0.009766 0.010742
0 0.774902 0.482910 0.014648 0.018555
0 0.776855 0.526855 0.006836 0.006836
0 0.759766 0.525879 0.015625 0.018555
0 0.774902 0.536133 0.008789 0.009766
0 0.820801 0.520996 0.065430 0.090820
0 0.862793 0.629883 0.024414 0.044922
0 0.831055 0.631348 0.011719 0.016602
0 0.825684 0.645508 0.006836 0.007812
0 0.842285 0.677246 0.008789 0.012695
0 0.830566 0.729492 0.022461 0.033203
0 0.870605 0.755371 0.020508 0.034180
0 0.776855 0.894043 0.014648 0.016602
0 0.856445 0.806152 0.031250 0.047852
0 0.726562 0.946777 0.099609 0.086914
0 0.669922 0.897461 0.031250 0.027344
0 0.657715 0.855957 0.032227 0.030273
0 0.589844 0.839355 0.029297 0.024414
0 0.658203 0.937500 0.033203 0.029297
0 0.680664 0.944824 0.013672 0.012695
0 0.619629 0.990723 0.018555 0.010742
0 0.561035 0.952637 0.014648 0.012695
0 0.596191 0.972656 0.049805 0.031250
0 0.510254 0.979980 0.034180 0.020508
0 0.472168 0.956055 0.043945 0.029297
0 0.504395 0.921387 0.034180 0.026367
0 0.454590 0.982910 0.016602 0.012695
0 0.375000 0.979980 0.046875 0.030273
0 0.317383 0.952148 0.039062 0.029297
0 0.343750 0.951172 0.019531 0.015625
0 0.326660 0.918945 0.016602 0.013672
0 0.371582 0.875000 0.036133 0.031250
0 0.483887 0.850586 0.040039 0.033203
0 0.184082 0.850098 0.016602 0.020508
0 0.231445 0.835938 0.025391 0.025391
0 0.232422 0.800781 0.035156 0.039062
0 0.183105 0.799805 0.034180 0.039062
0 0.206543 0.927246 0.133789 0.124023
0 0.158691 0.850586 0.041992 0.048828
0 0.131836 0.799316 0.027344 0.040039
0 0.222168 0.759277 0.020508 0.022461
0 0.339355 0.763184 0.041992 0.043945
0 0.393555 0.765137 0.017578 0.016602
0 0.503906 0.767090 0.011719 0.012695
0 0.246094 0.711426 0.023438 0.028320
0 0.212402 0.710938 0.018555 0.019531
0 0.532715 0.732422 0.059570 0.058594
0 0.611816 0.701172 0.016602 0.017578
0 0.637207 0.698242 0.016602 0.017578
0 0.707520 0.677734 0.028320 0.031250
0 0.766602 0.630859 0.013672 0.019531
0 0.790039 0.601074 0.009766 0.010742
0 0.771484 0.607910 0.011719 0.014648
0 0.724609 0.602051 0.021484 0.024414
0 0.687012 0.618164 0.012695 0.015625
0 0.702637 0.533203 0.030273 0.033203
0 0.536133 0.590332 0.013672 0.012695
0 0.489258 0.366699 0.017578 0.014648
0 0.366699 0.392578 0.032227 0.029297
0 0.412598 0.613770 0.010742 0.010742
0 0.391602 0.585449 0.017578 0.020508
0 0.371094 0.551758 0.013672 0.015625
0 0.344238 0.559570 0.014648 0.015625
0 0.312012 0.648926 0.038086 0.040039
0 0.242676 0.665039 0.040039 0.044922
0 0.252441 0.614746 0.038086 0.043945
0 0.238281 0.558105 0.013672 0.016602
0 0.174805 0.635742 0.007812 0.009766
0 0.192871 0.626465 0.024414 0.032227
0 0.150391 0.691895 0.029297 0.040039
0 0.161133 0.724121 0.011719 0.012695
0 0.098633 0.631836 0.021484 0.037109
0 0.102051 0.583984 0.024414 0.039062
0 0.200684 0.573730 0.049805 0.061523
0 0.247559 0.527344 0.014648 0.015625
0 0.184082 0.519531 0.012695 0.015625
0 0.209961 0.489258 0.013672 0.015625
0 0.193359 0.409180 0.029297 0.033203
0 0.220215 0.386230 0.028320 0.030273
0 0.213867 0.346680 0.027344 0.025391
0 0.125000 0.414551 0.015625 0.014648
0 0.148438 0.370605 0.017578 0.020508
0 0.095703 0.435547 0.021484 0.031250
0 0.087402 0.489746 0.018555 0.020508
0 0.096680 0.719727 0.019531 0.029297
0 0.069824 0.719238 0.018555 0.024414
0 0.048340 0.659180 0.018555 0.027344
0 0.079102 0.674316 0.017578 0.022461
0 0.066406 0.597168 0.021484 0.028320
0 0.078613 0.562988 0.020508 0.036133
0 0.045898 0.581543 0.019531 0.024414
0 0.321289 0.334473 0.011719 0.010742
0 0.787109 0.720215 0.062500 0.071289
0 0.811035 0.889160 0.034180 0.034180
0 0.912109 0.598145 0.019531 0.028320
0 0.464355 0.690918 0.016602 0.016602
0 0.749512 0.813965 0.127930 0.120117
0 0.383789 0.487793 0.093750 0.092773
0 0.483887 0.528320 0.127930 0.121094
0 0.821289 0.513672 0.054688 0.074219
0 0.157715 0.812500 0.012695 0.013672
0 0.394531 0.902832 0.035156 0.028320
0 0.386230 0.930176 0.040039 0.030273
0 0.411621 0.971680 0.047852 0.031250
0 0.827637 0.790039 0.022461 0.027344
0 0.112305 0.479980 0.013672 0.018555
0 0.104492 0.463867 0.019531 0.027344
0 0.107422 0.560059 0.013672 0.018555
0 0.043457 0.549805 0.020508 0.033203
0 0.383301 0.510254 0.030273 0.034180
0 0.354004 0.499512 0.014648 0.014648
0 0.542969 0.628906 0.013672 0.015625
0 0.646973 0.624512 0.010742 0.010742
0 0.718262 0.491699 0.018555 0.028320
0 0.741211 0.779297 0.154297 0.189453
0 0.583496 0.996094 0.016602 0.007812
0 0.445312 0.966797 0.015625 0.011719
0 0.135254 0.861328 0.014648 0.015625
0 0.118164 0.854004 0.025391 0.036133
0 0.347656 0.378906 0.011719 0.009766
0 0.147461 0.304688 0.037109 0.039062
0 0.200684 0.287598 0.018555 0.018555
