0 0.244141 0.321289 0.087891 0.080078
0 0.203613 0.278809 0.061523 0.053711
0 0.268066 0.248047 0.065430 0.044922
0 0.259766 0.301758 0.140625 0.119141
0 0.377930 0.310547 0.087891 0.093750
0 0.458984 0.328125 0.130859 0.123047
0 0.539062 0.307129 0.056641 0.043945
0 0.468750 0.255859 0.019531 0.013672
0 0.577637 0.313477 0.124023 0.117188
0 0.685059 0.411133 0.182617 0.171875
0 0.657715 0.366699 0.018555 0.016602
0 0.664551 0.340332 0.008789 0.008789
0 0.775879 0.365723 0.024414 0.030273
0 0.795898 0.448242 0.048828 0.062500
0 0.774414 0.500000 0.041016 0.056641
0 0.759277 0.584473 0.041992 0.051758
0 0.680176 0.565430 0.114258 0.107422
0 0.677734 0.546875 0.136719 0.144531
0 0.486328 0.492676 0.076172 0.075195
0 0.572266 0.455078 0.044922 0.041016
0 0.574707 0.454590 0.073242 0.073242
0 0.561035 0.401367 0.034180 0.029297
0 0.385742 0.450684 0.089844 0.090820
0 0.382812 0.444336 0.083984 0.076172
0 0.317383 0.451660 0.033203 0.036133
0 0.343750 0.539551 0.060547 0.063477
0 0.329102 0.391602 0.076172 0.070312
0 0.261719 0.413574 0.054688 0.053711
0 0.237305 0.474609 0.058594 0.068359
0 0.746094 0.343750 0.089844 0.093750
0 0.859375 0.385742 0.146484 0.224609
0 0.924316 0.540039 0.030273 0.074219
0 0.291992 0.752441 0.011719 0.014648
