0 0.573242 0.443359 0.050781 0.050781
0 0.699707 0.528320 0.139648 0.111328
0 0.642578 0.351562 0.017578 0.019531
0 0.370117 0.438477 0.093750 0.076172
0 0.369141 0.456055 0.113281 0.113281
0 0.491211 0.469238 0.080078 0.077148
0 0.488770 0.470215 0.075195 0.065430
0 0.573242 0.441895 0.072266 0.075195
0 0.573730 0.411133 0.020508 0.011719
0 0.764648 0.411621 0.019531 0.024414
0 0.752930 0.332520 0.031250 0.034180
0 0.856934 0.387207 0.125977 0.190430
0 0.924316 0.517090 0.034180 0.079102
0 0.671875 0.388184 0.181641 0.159180
0 0.525879 0.295410 0.057617 0.043945
0 0.458496 0.326660 0.129883 0.125977
0 0.370605 0.295898 0.079102 0.089844
0 0.335938 0.371094 0.074219 0.072266
0 0.342285 0.365234 0.043945 0.039062
0 0.255371 0.409180 0.090820 0.082031
0 0.250488 0.298828 0.088867 0.080078
0 0.262695 0.286133 0.126953 0.113281
0 0.299805 0.711426 0.017578 0.020508
0 0.546875 0.271484 0.078125 0.056641
0 0.582520 0.336914 0.108398 0.113281
