0 0.335449 0.396973 0.008789 0.010742
0 0.484863 0.378418 0.016602 0.014648
0 0.352539 0.408691 0.031250 0.030273
0 0.303711 0.352051 0.009766 0.008789
0 0.197754 0.360352 0.024414 0.027344
0 0.208008 0.401367 0.027344 0.031250
0 0.181641 0.424805 0.031250 0.035156
0 0.113770 0.427246 0.014648 0.014648
0 0.138184 0.386719 0.014648 0.017578
0 0.187500 0.301270 0.015625 0.018555
0 0.565430 0.406738 0.019531 0.018555
0 0.582520 0.478516 0.010742 0.011719
0 0.692383 0.382324 0.025391 0.024414
0 0.749023 0.327637 0.019531 0.020508
0 0.718262 0.492676 0.016602 0.028320
0 0.774414 0.497559 0.015625 0.018555
0 0.820312 0.523438 0.050781 0.074219
0 0.820801 0.530762 0.061523 0.088867
0 0.828125 0.461914 0.009766 0.011719
0 0.832031 0.417480 0.009766 0.010742
0 0.757812 0.553223 0.015625 0.018555
0 0.775391 0.560059 0.009766 0.012695
0 0.701172 0.548340 0.031250 0.036133
0 0.723145 0.615723 0.022461 0.026367
0 0.766113 0.634766 0.012695 0.015625
0 0.786133 0.625000 0.011719 0.013672
0 0.862793 0.640625 0.026367 0.044922
0 0.915527 0.612793 0.018555 0.034180
0 0.831055 0.640625 0.011719 0.017578
0 0.825684 0.654785 0.006836 0.010742
0 0.843750 0.687500 0.011719 0.017578
0 0.759766 0.654785 0.013672 0.016602
0 0.685059 0.633789 0.014648 0.017578
0 0.704590 0.636719 0.006836 0.007812
0 0.645020 0.640137 0.010742 0.012695
0 0.635742 0.669434 0.007812 0.008789
0 0.635254 0.711914 0.016602 0.017578
0 0.705566 0.692383 0.030273 0.033203
0 0.786621 0.732422 0.057617 0.076172
0 0.793945 0.733398 0.070312 0.076172
0 0.746582 0.822754 0.131836 0.122070
0 0.868652 0.763672 0.032227 0.044922
0 0.867676 0.764648 0.020508 0.031250
0 0.854004 0.812988 0.032227 0.045898
0 0.824219 0.801758 0.021484 0.031250
0 0.819824 0.888184 0.032227 0.043945
0 0.774902 0.902832 0.018555 0.018555
0 0.723633 0.946777 0.095703 0.079102
0 0.680664 0.948242 0.013672 0.013672
0 0.666504 0.903809 0.034180 0.028320
0 0.655273 0.862305 0.033203 0.031250
0 0.746094 0.789062 0.166016 0.189453
0 0.587402 0.847168 0.032227 0.028320
0 0.481934 0.857910 0.041992 0.034180
0 0.500488 0.777344 0.012695 0.011719
0 0.528809 0.744141 0.061523 0.060547
0 0.551758 0.707031 0.007812 0.007812
0 0.609863 0.715332 0.018555 0.018555
0 0.387207 0.773438 0.016602 0.015625
0 0.335449 0.770508 0.043945 0.042969
0 0.369141 0.880859 0.039062 0.033203
0 0.392090 0.908691 0.038086 0.028320
0 0.383789 0.935059 0.042969 0.030273
0 0.325195 0.924316 0.021484 0.016602
0 0.343262 0.954590 0.022461 0.014648
0 0.317383 0.956543 0.041016 0.030273
0 0.375488 0.982910 0.047852 0.032227
0 0.411133 0.975098 0.048828 0.032227
0 0.444336 0.970703 0.013672 0.009766
0 0.453613 0.986328 0.016602 0.011719
0 0.470703 0.959473 0.044922 0.032227
0 0.502441 0.927246 0.038086 0.026367
0 0.508301 0.984375 0.034180 0.021484
0 0.558594 0.957031 0.017578 0.011719
0 0.593750 0.975586 0.050781 0.033203
0 0.616699 0.993164 0.018555 0.011719
0 0.656250 0.941406 0.035156 0.027344
0 0.161133 0.832031 0.013672 0.013672
0 0.137695 0.812012 0.027344 0.038086
0 0.179199 0.860352 0.016602 0.019531
0 0.198242 0.917480 0.160156 0.149414
0 0.157715 0.864258 0.069336 0.041016
0 0.228027 0.807129 0.036133 0.038086
0 0.229492 0.841309 0.029297 0.028320
0 0.181641 0.810059 0.035156 0.041992
0 0.218262 0.767090 0.020508 0.024414
0 0.208984 0.721680 0.019531 0.023438
0 0.242188 0.721191 0.025391 0.030273
0 0.159668 0.734863 0.012695 0.016602
0 0.147461 0.702637 0.033203 0.043945
0 0.097168 0.729004 0.022461 0.034180
0 0.072266 0.727539 0.023438 0.027344
0 0.078613 0.685547 0.016602 0.025391
0 0.169922 0.645020 0.011719 0.012695
0 0.188965 0.637207 0.026367 0.034180
0 0.239258 0.674805 0.041016 0.048828
0 0.248047 0.625977 0.039062 0.046875
0 0.307617 0.657715 0.039062 0.041992
0 0.095215 0.642578 0.022461 0.039062
0 0.098145 0.597168 0.024414 0.040039
0 0.102539 0.571289 0.015625 0.021484
0 0.072754 0.574219 0.016602 0.029297
0 0.059082 0.598145 0.024414 0.038086
0 0.177734 0.534180 0.013672 0.017578
0 0.203125 0.505371 0.015625 0.018555
0 0.241211 0.541504 0.015625 0.018555
0 0.233398 0.570801 0.017578 0.020508
0 0.195312 0.583984 0.050781 0.062500
0 0.214844 0.560547 0.005859 0.007812
0 0.104492 0.492676 0.015625 0.020508
0 0.098633 0.474609 0.017578 0.025391
0 0.089844 0.446777 0.017578 0.026367
0 0.081055 0.503906 0.017578 0.021484
0 0.137695 0.311523 0.035156 0.039062
0 0.212402 0.259277 0.032227 0.034180
0 0.365723 0.559570 0.014648 0.015625
0 0.341309 0.568359 0.016602 0.015625
0 0.385254 0.593750 0.016602 0.019531
0 0.405762 0.623535 0.014648 0.014648
0 0.532227 0.605957 0.013672 0.014648
0 0.538086 0.643555 0.015625 0.015625
0 0.459961 0.702148 0.015625 0.017578
0 0.484375 0.543945 0.126953 0.121094
0 0.387207 0.500000 0.094727 0.095703
0 0.385254 0.523438 0.030273 0.033203
0 0.354492 0.510254 0.011719 0.012695
