0 0.422852 0.440918 0.144531 0.129883
0 0.421875 0.433105 0.121094 0.108398
0 0.298340 0.372070 0.122070 0.109375
0 0.270996 0.275391 0.133789 0.087891
0 0.266113 0.271973 0.104492 0.071289
0 0.529785 0.276855 0.057617 0.043945
0 0.749023 0.309082 0.035156 0.028320
0 0.674805 0.366211 0.183594 0.158203
0 0.640137 0.330566 0.016602 0.016602
0 0.760742 0.382324 0.021484 0.022461
0 0.578613 0.327148 0.098633 0.128906
0 0.446777 0.313965 0.104492 0.100586
0 0.534180 0.292969 0.109375 0.099609
0 0.377441 0.295410 0.081055 0.075195
0 0.302246 0.674316 0.020508 0.020508
0 0.328125 0.716309 0.011719 0.012695
0 0.732910 0.504395 0.057617 0.067383
0 0.695801 0.491699 0.149414 0.135742
0 0.859863 0.378906 0.108398 0.148438
0 0.919434 0.487305 0.032227 0.072266
0 0.741211 0.319824 0.109375 0.120117
0 0.538086 0.245117 0.074219 0.039062
