0 0.324707 0.410645 0.010742 0.010742
0 0.481934 0.383301 0.016602 0.014648
0 0.343750 0.420410 0.031250 0.030273
0 0.291504 0.363770 0.012695 0.008789
0 0.189941 0.371094 0.024414 0.027344
0 0.185547 0.426270 0.039062 0.047852
0 0.109863 0.436035 0.016602 0.022461
0 0.131348 0.394043 0.020508 0.024414
0 0.177734 0.308105 0.015625 0.018555
0 0.563477 0.418457 0.019531 0.018555
0 0.579590 0.491211 0.010742 0.011719
0 0.695312 0.388184 0.025391 0.024414
0 0.753906 0.331543 0.019531 0.020508
0 0.718262 0.492676 0.016602 0.028320
0 0.773438 0.508301 0.015625 0.018555
0 0.821289 0.530762 0.052734 0.075195
0 0.820801 0.536621 0.061523 0.088867
0 0.831055 0.472656 0.009766 0.011719
0 0.837891 0.423340 0.009766 0.010742
0 0.757812 0.563965 0.015625 0.018555
0 0.776367 0.570801 0.009766 0.012695
0 0.701172 0.559082 0.031250 0.036133
0 0.721191 0.624512 0.022461 0.026367
0 0.764160 0.644531 0.012695 0.015625
0 0.784180 0.635742 0.011719 0.013672
0 0.860840 0.649414 0.026367 0.044922
0 0.914551 0.622559 0.018555 0.034180
0 0.829102 0.650391 0.011719 0.017578
0 0.823730 0.664551 0.006836 0.010742
0 0.840332 0.698730 0.008789 0.014648
0 0.756836 0.663086 0.011719 0.015625
0 0.683105 0.644531 0.014648 0.017578
0 0.704590 0.636719 0.006836 0.007812
0 0.642090 0.651855 0.010742 0.012695
0 0.632812 0.679199 0.007812 0.008789
0 0.631348 0.720703 0.016602 0.017578
0 0.703125 0.701172 0.027344 0.031250
0 0.783691 0.741699 0.057617 0.079102
0 0.791016 0.741211 0.068359 0.076172
0 0.743164 0.827148 0.126953 0.119141
0 0.861816 0.775879 0.024414 0.036133
0 0.848633 0.819824 0.033203 0.043945
0 0.819336 0.811035 0.019531 0.030273
0 0.817383 0.889648 0.035156 0.041016
0 0.723633 0.946777 0.095703 0.079102
0 0.679688 0.953125 0.013672 0.013672
0 0.663086 0.906738 0.031250 0.026367
0 0.653320 0.867188 0.033203 0.031250
0 0.584961 0.853027 0.029297 0.026367
0 0.479004 0.862793 0.041992 0.034180
0 0.496582 0.783203 0.012695 0.011719
0 0.524414 0.752441 0.060547 0.057617
0 0.551758 0.707031 0.007812 0.007812
0 0.606934 0.724121 0.018555 0.018555
0 0.384766 0.778320 0.015625 0.015625
0 0.333984 0.774902 0.041016 0.041992
0 0.370117 0.884766 0.039062 0.033203
0 0.387695 0.927734 0.054688 0.041016
0 0.325195 0.926270 0.021484 0.016602
0 0.326172 0.960938 0.046875 0.033203
0 0.392578 0.979980 0.066406 0.038086
0 0.438477 0.973633 0.013672 0.009766
0 0.451660 0.986328 0.016602 0.011719
0 0.467773 0.963867 0.044922 0.029297
0 0.500488 0.932129 0.038086 0.026367
0 0.505371 0.986816 0.038086 0.020508
0 0.555664 0.960938 0.017578 0.011719
0 0.592773 0.977539 0.050781 0.033203
0 0.614258 0.992676 0.023438 0.012695
0 0.654297 0.946289 0.035156 0.027344
0 0.165039 0.840820 0.013672 0.013672
0 0.141602 0.820801 0.027344 0.038086
0 0.206543 0.921875 0.155273 0.148438
0 0.226074 0.811035 0.036133 0.038086
0 0.227539 0.844238 0.029297 0.028320
0 0.181641 0.815918 0.035156 0.041992
0 0.216797 0.770996 0.019531 0.022461
0 0.208008 0.726562 0.019531 0.023438
0 0.239746 0.724609 0.024414 0.027344
0 0.159668 0.741211 0.012695 0.013672
0 0.147461 0.708496 0.031250 0.041992
0 0.098145 0.736816 0.022461 0.034180
0 0.074219 0.732422 0.023438 0.027344
0 0.079590 0.691406 0.016602 0.025391
0 0.168945 0.652832 0.011719 0.012695
0 0.188965 0.644043 0.026367 0.034180
0 0.237305 0.679688 0.041016 0.048828
0 0.247070 0.632812 0.039062 0.046875
0 0.305664 0.663574 0.039062 0.041992
0 0.095215 0.647461 0.022461 0.039062
0 0.098145 0.597168 0.024414 0.040039
0 0.070801 0.582520 0.018555 0.036133
0 0.059082 0.605957 0.024414 0.038086
0 0.174805 0.543945 0.013672 0.017578
0 0.199219 0.515137 0.015625 0.018555
0 0.239258 0.551270 0.015625 0.018555
0 0.231445 0.580566 0.017578 0.020508
0 0.194336 0.591797 0.050781 0.062500
0 0.213867 0.559570 0.005859 0.007812
0 0.102539 0.500488 0.015625 0.020508
0 0.094727 0.482422 0.017578 0.025391
0 0.085449 0.454102 0.024414 0.041016
0 0.078613 0.510742 0.016602 0.019531
0 0.132812 0.317383 0.035156 0.039062
0 0.212402 0.259277 0.032227 0.034180
0 0.365723 0.563477 0.014648 0.015625
0 0.340332 0.572266 0.016602 0.015625
0 0.382324 0.599609 0.016602 0.019531
0 0.401855 0.629395 0.014648 0.014648
0 0.528809 0.617676 0.012695 0.012695
0 0.534180 0.654297 0.015625 0.015625
0 0.456055 0.710938 0.015625 0.017578
0 0.482422 0.554688 0.123047 0.121094
0 0.391602 0.507324 0.093750 0.092773
0 0.389160 0.531250 0.030273 0.033203
0 0.360352 0.517090 0.011719 0.012695
0 0.656250 0.283691 0.033203 0.026367
0 0.604980 0.310059 0.010742 0.008789
0 0.085449 0.454102 0.016602 0.025391
0 0.390137 0.919434 0.040039 0.026367
0 0.741699 0.795410 0.166992 0.182617
