0 0.320801 0.431152 0.010742 0.010742
0 0.476074 0.381348 0.016602 0.014648
0 0.338867 0.442383 0.033203 0.035156
0 0.281250 0.377930 0.011719 0.011719
0 0.182129 0.382812 0.024414 0.027344
0 0.181641 0.437988 0.039062 0.047852
0 0.109863 0.436035 0.016602 0.022461
0 0.124512 0.403809 0.020508 0.024414
0 0.168945 0.317871 0.015625 0.018555
0 0.568359 0.426270 0.019531 0.018555
0 0.580566 0.507812 0.010742 0.011719
0 0.698242 0.391113 0.025391 0.024414
0 0.759277 0.336914 0.014648 0.015625
0 0.718262 0.492676 0.016602 0.028320
0 0.771484 0.520020 0.015625 0.018555
0 0.820312 0.540527 0.052734 0.075195
0 0.820801 0.546387 0.061523 0.088867
0 0.833008 0.480469 0.009766 0.011719
0 0.838867 0.437988 0.009766 0.010742
0 0.756836 0.575684 0.015625 0.018555
0 0.775391 0.580566 0.009766 0.012695
0 0.699219 0.570801 0.033203 0.036133
0 0.718262 0.633301 0.022461 0.026367
0 0.764160 0.644531 0.012695 0.015625
0 0.784180 0.635742 0.011719 0.013672
0 0.860840 0.649414 0.026367 0.044922
0 0.914551 0.622559 0.018555 0.034180
0 0.829102 0.650391 0.011719 0.017578
0 0.823730 0.664551 0.006836 0.010742
0 0.840332 0.698730 0.008789 0.014648
0 0.756836 0.663086 0.011719 0.015625
0 0.678223 0.654297 0.014648 0.017578
0 0.704590 0.636719 0.006836 0.007812
0 0.636230 0.658691 0.010742 0.012695
0 0.625977 0.686035 0.007812 0.008789
0 0.626465 0.726562 0.016602 0.017578
0 0.703125 0.701172 0.027344 0.031250
0 0.736816 0.834961 0.129883 0.119141
0 0.857422 0.782227 0.023438 0.033203
0 0.843750 0.825684 0.033203 0.043945
0 0.815918 0.814453 0.024414 0.029297
0 0.813477 0.892578 0.039062 0.044922
0 0.719727 0.950195 0.095703 0.078125
0 0.658203 0.911621 0.031250 0.026367
0 0.584961 0.853027 0.029297 0.026367
0 0.479004 0.867676 0.041992 0.034180
0 0.495605 0.790039 0.012695 0.011719
0 0.522461 0.759277 0.060547 0.057617
0 0.551758 0.707031 0.007812 0.007812
0 0.602051 0.729980 0.018555 0.018555
0 0.381836 0.787109 0.015625 0.015625
0 0.331055 0.782715 0.041016 0.041992
0 0.370117 0.889648 0.039062 0.033203
0 0.387695 0.930664 0.054688 0.041016
0 0.325195 0.926270 0.021484 0.016602
0 0.326172 0.960938 0.046875 0.033203
0 0.392578 0.979980 0.066406 0.038086
0 0.438477 0.975586 0.013672 0.009766
0 0.451660 0.988281 0.016602 0.011719
0 0.467773 0.964844 0.044922 0.029297
0 0.500488 0.934082 0.038086 0.026367
0 0.505371 0.986816 0.038086 0.020508
0 0.554688 0.961914 0.017578 0.011719
0 0.590820 0.979492 0.050781 0.033203
0 0.614258 0.993652 0.023438 0.012695
0 0.651855 0.948242 0.038086 0.027344
0 0.168945 0.848633 0.013672 0.013672
0 0.148438 0.828613 0.027344 0.038086
0 0.215332 0.925781 0.153320 0.144531
0 0.226074 0.815918 0.036133 0.038086
0 0.229492 0.848145 0.029297 0.026367
0 0.183594 0.821777 0.035156 0.041992
0 0.216797 0.777832 0.019531 0.022461
0 0.207031 0.731445 0.019531 0.023438
0 0.236816 0.729492 0.024414 0.027344
0 0.160645 0.746094 0.012695 0.013672
0 0.147461 0.713379 0.031250 0.041992
0 0.099121 0.736816 0.022461 0.034180
0 0.074219 0.732422 0.023438 0.027344
0 0.079590 0.692383 0.016602 0.025391
0 0.168945 0.658691 0.011719 0.012695
0 0.187012 0.648926 0.026367 0.034180
0 0.234375 0.684570 0.041016 0.048828
0 0.244141 0.638672 0.039062 0.046875
0 0.298828 0.671387 0.039062 0.041992
0 0.095215 0.650391 0.022461 0.039062
0 0.098145 0.603027 0.024414 0.040039
0 0.070801 0.587402 0.018555 0.036133
0 0.059082 0.609863 0.024414 0.038086
0 0.172852 0.550781 0.013672 0.017578
0 0.198242 0.523926 0.015625 0.018555
0 0.238281 0.559082 0.015625 0.018555
0 0.229492 0.585449 0.017578 0.020508
0 0.192383 0.597656 0.050781 0.062500
0 0.213867 0.559570 0.005859 0.007812
0 0.097656 0.505371 0.015625 0.020508
0 0.090820 0.489258 0.017578 0.025391
0 0.081543 0.461914 0.024414 0.041016
0 0.075684 0.517578 0.016602 0.019531
0 0.125000 0.326172 0.035156 0.039062
0 0.199707 0.272949 0.032227 0.034180
0 0.357910 0.565430 0.014648 0.015625
0 0.335449 0.573242 0.016602 0.015625
0 0.365723 0.621094 0.016602 0.019531
0 0.395996 0.650879 0.014648 0.014648
0 0.511719 0.616699 0.013672 0.014648
0 0.527344 0.656250 0.015625 0.015625
0 0.456055 0.719727 0.015625 0.017578
0 0.668945 0.279785 0.033203 0.026367
0 0.604980 0.310059 0.010742 0.008789
0 0.390137 0.925293 0.040039 0.026367
0 0.403320 0.567871 0.029297 0.034180
0 0.386719 0.537109 0.011719 0.015625
0 0.380859 0.526855 0.007812 0.008789
0 0.480469 0.543457 0.082031 0.098633
0 0.449707 0.542969 0.153320 0.156250
0 0.778320 0.744629 0.060547 0.077148
0 0.784180 0.744629 0.070312 0.075195
0 0.732910 0.800293 0.172852 0.184570
