0 0.312988 0.444824 0.010742 0.010742
0 0.469238 0.388184 0.016602 0.014648
0 0.332031 0.453125 0.033203 0.035156
0 0.271484 0.390625 0.011719 0.011719
0 0.174316 0.394531 0.024414 0.027344
0 0.175781 0.447754 0.039062 0.047852
0 0.099121 0.453613 0.016602 0.022461
0 0.118652 0.415527 0.020508 0.024414
0 0.158203 0.325684 0.015625 0.018555
0 0.566406 0.438965 0.019531 0.018555
0 0.580566 0.520508 0.010742 0.011719
0 0.699219 0.396973 0.025391 0.024414
0 0.762207 0.337891 0.014648 0.015625
0 0.718262 0.492676 0.016602 0.028320
0 0.771484 0.531738 0.015625 0.018555
0 0.818848 0.552246 0.061523 0.088867
0 0.833984 0.491211 0.009766 0.011719
0 0.840820 0.444824 0.009766 0.010742
0 0.755859 0.586426 0.015625 0.018555
0 0.775391 0.591309 0.009766 0.012695
0 0.699219 0.581543 0.033203 0.036133
0 0.715820 0.644043 0.021484 0.024414
0 0.757324 0.664062 0.012695 0.015625
0 0.779297 0.653320 0.011719 0.013672
0 0.854980 0.666504 0.028320 0.041992
0 0.910645 0.644043 0.018555 0.034180
0 0.824219 0.669922 0.011719 0.017578
0 0.818848 0.681152 0.006836 0.010742
0 0.833496 0.714355 0.008789 0.014648
0 0.750488 0.680176 0.012695 0.016602
0 0.678223 0.654297 0.014648 0.017578
0 0.704590 0.636719 0.006836 0.007812
0 0.636230 0.658691 0.010742 0.012695
0 0.625977 0.686035 0.007812 0.008789
0 0.622559 0.735352 0.016602 0.017578
0 0.697266 0.716797 0.029297 0.031250
0 0.734375 0.840332 0.132812 0.118164
0 0.853516 0.792969 0.023438 0.033203
0 0.838867 0.833496 0.033203 0.043945
0 0.809082 0.823242 0.024414 0.029297
0 0.808105 0.900879 0.043945 0.049805
0 0.719727 0.950195 0.095703 0.078125
0 0.654297 0.913574 0.031250 0.026367
0 0.581055 0.864746 0.033203 0.028320
0 0.476074 0.872559 0.041992 0.034180
0 0.491699 0.796875 0.012695 0.011719
0 0.517578 0.766113 0.060547 0.057617
0 0.551758 0.707031 0.007812 0.007812
0 0.597168 0.738770 0.018555 0.018555
0 0.377930 0.791992 0.015625 0.015625
0 0.327637 0.787598 0.041992 0.041992
0 0.368164 0.894531 0.039062 0.033203
0 0.386719 0.934570 0.054688 0.041016
0 0.325195 0.931152 0.021484 0.016602
0 0.329102 0.963867 0.046875 0.033203
0 0.392578 0.979980 0.066406 0.038086
0 0.438477 0.977539 0.013672 0.009766
0 0.450684 0.988281 0.016602 0.011719
0 0.465820 0.968750 0.044922 0.029297
0 0.500488 0.934082 0.038086 0.026367
0 0.505371 0.986816 0.038086 0.020508
0 0.552734 0.966797 0.017578 0.011719
0 0.588379 0.980957 0.053711 0.032227
0 0.610840 0.995605 0.016602 0.008789
0 0.648926 0.952148 0.038086 0.027344
0 0.168945 0.855469 0.013672 0.013672
0 0.150391 0.836426 0.027344 0.038086
0 0.215332 0.925781 0.153320 0.144531
0 0.224121 0.819824 0.036133 0.038086
0 0.228516 0.852051 0.029297 0.026367
0 0.183594 0.828613 0.035156 0.041992
0 0.214355 0.784180 0.020508 0.025391
0 0.204590 0.738281 0.018555 0.025391
0 0.234863 0.735352 0.024414 0.027344
0 0.159668 0.751953 0.012695 0.013672
0 0.147461 0.720215 0.031250 0.041992
0 0.100098 0.746582 0.022461 0.034180
0 0.075195 0.738281 0.023438 0.027344
0 0.082520 0.702148 0.016602 0.025391
0 0.166992 0.667480 0.011719 0.012695
0 0.186035 0.656738 0.026367 0.034180
0 0.231445 0.691406 0.041016 0.048828
0 0.242188 0.646484 0.039062 0.046875
0 0.294922 0.678223 0.039062 0.041992
0 0.094238 0.660156 0.022461 0.039062
0 0.096191 0.614746 0.024414 0.040039
0 0.070801 0.594238 0.018555 0.036133
0 0.060059 0.623535 0.024414 0.038086
0 0.168945 0.562500 0.013672 0.017578
0 0.193359 0.535645 0.015625 0.018555
0 0.235352 0.568848 0.015625 0.018555
0 0.226562 0.596191 0.017578 0.020508
0 0.191406 0.607422 0.050781 0.062500
0 0.213867 0.559570 0.005859 0.007812
0 0.094727 0.516113 0.015625 0.020508
0 0.087891 0.500000 0.017578 0.025391
0 0.077637 0.471680 0.024414 0.041016
0 0.071777 0.527344 0.016602 0.019531
0 0.121094 0.331055 0.035156 0.039062
0 0.189941 0.280762 0.032227 0.034180
0 0.359863 0.572266 0.014648 0.015625
0 0.335449 0.581055 0.016602 0.015625
0 0.363770 0.625000 0.016602 0.019531
0 0.391113 0.655762 0.014648 0.014648
0 0.527344 0.656250 0.015625 0.015625
0 0.450195 0.727051 0.017578 0.016602
0 0.688477 0.275879 0.033203 0.026367
0 0.604980 0.310059 0.010742 0.008789
0 0.449707 0.548828 0.153320 0.156250
0 0.779785 0.751953 0.069336 0.074219
0 0.505859 0.625977 0.015625 0.013672
0 0.403809 0.572754 0.028320 0.032227
0 0.448730 0.557617 0.008789 0.009766
0 0.387207 0.541992 0.012695 0.015625
0 0.403320 0.547363 0.058594 0.100586
0 0.480469 0.549805 0.089844 0.111328
0 0.412598 0.494629 0.026367 0.020508
0 0.818359 0.546875 0.052734 0.076172
0 0.775879 0.750977 0.061523 0.072266
0 0.729980 0.807617 0.172852 0.185547
0 0.386230 0.930176 0.043945 0.032227
