0 0.305176 0.457520 0.010742 0.010742
0 0.462402 0.394043 0.016602 0.014648
0 0.325684 0.466797 0.032227 0.033203
0 0.262695 0.400391 0.011719 0.011719
0 0.167480 0.404297 0.024414 0.027344
0 0.169922 0.457520 0.039062 0.047852
0 0.095215 0.463379 0.016602 0.022461
0 0.112793 0.423340 0.020508 0.024414
0 0.149414 0.339355 0.015625 0.018555
0 0.564941 0.449707 0.022461 0.020508
0 0.578613 0.534180 0.010742 0.011719
0 0.702148 0.396973 0.025391 0.024414
0 0.759277 0.333008 0.016602 0.017578
0 0.718262 0.492676 0.016602 0.028320
0 0.771484 0.531738 0.015625 0.018555
0 0.818848 0.557129 0.061523 0.088867
0 0.834961 0.498047 0.009766 0.011719
0 0.840820 0.453613 0.009766 0.010742
0 0.754883 0.595215 0.015625 0.020508
0 0.774414 0.598145 0.009766 0.012695
0 0.697266 0.591309 0.033203 0.036133
0 0.713379 0.651855 0.024414 0.026367
0 0.754395 0.670898 0.012695 0.015625
0 0.776367 0.661133 0.011719 0.013672
0 0.852051 0.674316 0.028320 0.041992
0 0.910645 0.655762 0.018555 0.034180
0 0.824219 0.669922 0.011719 0.017578
0 0.818848 0.681152 0.006836 0.010742
0 0.833496 0.714355 0.008789 0.014648
0 0.748047 0.686523 0.015625 0.015625
0 0.672852 0.673828 0.017578 0.019531
0 0.705078 0.634766 0.007812 0.011719
0 0.629395 0.680176 0.012695 0.014648
0 0.619141 0.704590 0.007812 0.008789
0 0.619141 0.743164 0.017578 0.019531
0 0.694336 0.725586 0.031250 0.033203
0 0.849121 0.803711 0.024414 0.037109
0 0.835938 0.839355 0.033203 0.043945
0 0.806152 0.828125 0.024414 0.029297
0 0.804199 0.901855 0.043945 0.049805
0 0.710938 0.950195 0.095703 0.078125
0 0.654297 0.913574 0.031250 0.026367
0 0.578125 0.868652 0.033203 0.028320
0 0.472168 0.876465 0.041992 0.034180
0 0.487793 0.802734 0.012695 0.011719
0 0.513184 0.771484 0.063477 0.058594
0 0.551758 0.707031 0.007812 0.007812
0 0.593750 0.746582 0.019531 0.020508
0 0.375000 0.796387 0.019531 0.018555
0 0.325684 0.790527 0.041992 0.041992
0 0.364746 0.894531 0.043945 0.035156
0 0.384766 0.936523 0.054688 0.041016
0 0.324219 0.933594 0.021484 0.021484
0 0.329102 0.963867 0.046875 0.033203
0 0.392578 0.979980 0.066406 0.038086
0 0.438477 0.977539 0.013672 0.009766
0 0.450684 0.988281 0.016602 0.011719
0 0.465820 0.968750 0.044922 0.029297
0 0.495605 0.939453 0.040039 0.027344
0 0.503418 0.986816 0.038086 0.020508
0 0.550781 0.966797 0.017578 0.011719
0 0.588379 0.980957 0.053711 0.032227
0 0.610840 0.995605 0.016602 0.008789
0 0.648926 0.952148 0.038086 0.027344
0 0.171875 0.862305 0.013672 0.013672
0 0.154785 0.842773 0.038086 0.046875
0 0.223633 0.932129 0.162109 0.135742
0 0.221191 0.822754 0.036133 0.038086
0 0.226562 0.854980 0.029297 0.026367
0 0.183594 0.832520 0.035156 0.041992
0 0.213379 0.786133 0.020508 0.025391
0 0.204102 0.743652 0.021484 0.026367
0 0.231934 0.740234 0.024414 0.027344
0 0.159668 0.758789 0.012695 0.013672
0 0.146484 0.727051 0.031250 0.041992
0 0.103027 0.754395 0.022461 0.034180
0 0.078125 0.747070 0.023438 0.027344
0 0.081543 0.711914 0.016602 0.025391
0 0.166992 0.667480 0.011719 0.012695
0 0.182129 0.665527 0.026367 0.034180
0 0.230469 0.697266 0.041016 0.046875
0 0.240234 0.654297 0.039062 0.046875
0 0.291992 0.682129 0.039062 0.041992
0 0.094238 0.667969 0.022461 0.039062
0 0.094238 0.623535 0.024414 0.040039
0 0.066895 0.604004 0.018555 0.036133
0 0.060059 0.633301 0.024414 0.038086
0 0.166992 0.572266 0.013672 0.017578
0 0.189453 0.546387 0.015625 0.018555
0 0.230469 0.579590 0.015625 0.018555
0 0.222656 0.605957 0.017578 0.020508
0 0.189453 0.616699 0.048828 0.061523
0 0.213867 0.559570 0.005859 0.007812
0 0.090820 0.523926 0.015625 0.020508
0 0.084961 0.506836 0.017578 0.025391
0 0.072754 0.480469 0.024414 0.041016
0 0.068848 0.536133 0.016602 0.019531
0 0.115234 0.339844 0.035156 0.039062
0 0.179199 0.291504 0.032227 0.034180
0 0.361328 0.578125 0.017578 0.017578
0 0.335938 0.587891 0.017578 0.017578
0 0.363281 0.628418 0.021484 0.022461
0 0.388184 0.659668 0.014648 0.014648
0 0.527344 0.656250 0.015625 0.015625
0 0.445801 0.731934 0.018555 0.020508
0 0.700195 0.267090 0.033203 0.026367
0 0.604980 0.310059 0.010742 0.008789
0 0.451660 0.555664 0.153320 0.156250
0 0.505859 0.625977 0.015625 0.013672
0 0.402832 0.577637 0.028320 0.032227
0 0.447754 0.564453 0.008789 0.009766
0 0.387207 0.541992 0.012695 0.015625
0 0.818359 0.552734 0.052734 0.076172
0 0.771973 0.755859 0.061523 0.072266
0 0.417480 0.497070 0.026367 0.019531
0 0.480469 0.550293 0.083984 0.114258
0 0.309570 0.436035 0.007812 0.008789
0 0.384277 0.932617 0.045898 0.033203
0 0.777832 0.757812 0.073242 0.074219
0 0.729004 0.811523 0.170898 0.181641
0 0.729492 0.841797 0.132812 0.111328
0 0.407715 0.552246 0.059570 0.100586
0 0.883789 0.774902 0.029297 0.071289
