0 0.299805 0.470215 0.015625 0.014648
0 0.455078 0.401367 0.019531 0.015625
0 0.319336 0.479492 0.035156 0.035156
0 0.253418 0.412598 0.012695 0.012695
0 0.159668 0.415039 0.024414 0.027344
0 0.163574 0.468750 0.041992 0.050781
0 0.088379 0.472168 0.016602 0.022461
0 0.104980 0.433105 0.020508 0.024414
0 0.143555 0.346191 0.015625 0.018555
0 0.563965 0.461426 0.022461 0.020508
0 0.577637 0.547852 0.010742 0.011719
0 0.704102 0.399902 0.025391 0.024414
0 0.758301 0.324219 0.016602 0.017578
0 0.718262 0.492676 0.016602 0.028320
0 0.768555 0.549805 0.017578 0.021484
0 0.818848 0.562012 0.061523 0.088867
0 0.835938 0.504883 0.009766 0.011719
0 0.839844 0.457520 0.009766 0.010742
0 0.754883 0.604004 0.015625 0.020508
0 0.774414 0.606934 0.009766 0.012695
0 0.697266 0.600098 0.033203 0.036133
0 0.711426 0.659668 0.024414 0.026367
0 0.751465 0.678711 0.012695 0.015625
0 0.773438 0.666992 0.011719 0.013672
0 0.850098 0.680176 0.028320 0.041992
0 0.906738 0.663574 0.018555 0.034180
0 0.819336 0.684570 0.011719 0.017578
0 0.815918 0.696777 0.006836 0.010742
0 0.828613 0.729004 0.008789 0.014648
0 0.744141 0.693359 0.015625 0.015625
0 0.669922 0.682617 0.017578 0.019531
0 0.705078 0.634766 0.007812 0.011719
0 0.625488 0.691895 0.012695 0.014648
0 0.615234 0.713379 0.007812 0.008789
0 0.615234 0.752930 0.017578 0.019531
0 0.687988 0.733398 0.030273 0.033203
0 0.836914 0.828613 0.041016 0.057617
0 0.804199 0.901855 0.043945 0.049805
0 0.705566 0.954590 0.092773 0.075195
0 0.650879 0.917969 0.034180 0.029297
0 0.576660 0.872559 0.036133 0.030273
0 0.470215 0.879395 0.041992 0.034180
0 0.484863 0.807617 0.012695 0.011719
0 0.508301 0.779297 0.063477 0.058594
0 0.551758 0.707031 0.007812 0.007812
0 0.589844 0.755371 0.019531 0.020508
0 0.370117 0.801270 0.019531 0.018555
0 0.322754 0.794434 0.041992 0.041992
0 0.363770 0.897461 0.043945 0.035156
0 0.383789 0.939453 0.054688 0.041016
0 0.322266 0.934570 0.021484 0.021484
0 0.329102 0.963867 0.046875 0.033203
0 0.392578 0.979980 0.066406 0.038086
0 0.436523 0.977539 0.013672 0.009766
0 0.448730 0.989258 0.016602 0.011719
0 0.461914 0.969727 0.044922 0.029297
0 0.492676 0.941406 0.040039 0.027344
0 0.503418 0.986816 0.038086 0.020508
0 0.550781 0.966797 0.017578 0.011719
0 0.584961 0.980469 0.052734 0.033203
0 0.609863 0.995605 0.016602 0.008789
0 0.648926 0.953125 0.038086 0.027344
0 0.152344 0.847168 0.037109 0.041992
0 0.223633 0.932129 0.162109 0.135742
0 0.221191 0.841309 0.041992 0.045898
0 0.180176 0.838867 0.036133 0.041016
0 0.213379 0.795898 0.020508 0.025391
0 0.203125 0.752441 0.021484 0.026367
0 0.229004 0.747070 0.024414 0.027344
0 0.158691 0.764648 0.012695 0.013672
0 0.147949 0.732910 0.034180 0.043945
0 0.104004 0.761230 0.022461 0.034180
0 0.079102 0.757812 0.023438 0.027344
0 0.080566 0.715820 0.016602 0.025391
0 0.165039 0.679199 0.011719 0.012695
0 0.181152 0.673340 0.026367 0.034180
0 0.226562 0.705078 0.041016 0.046875
0 0.238281 0.663086 0.039062 0.046875
0 0.288086 0.688965 0.041016 0.043945
0 0.093262 0.676758 0.022461 0.039062
0 0.093262 0.630371 0.024414 0.040039
0 0.066895 0.604004 0.018555 0.036133
0 0.059082 0.637207 0.024414 0.038086
0 0.164062 0.583008 0.013672 0.017578
0 0.185547 0.557129 0.015625 0.018555
0 0.227539 0.590332 0.015625 0.018555
0 0.219727 0.615723 0.017578 0.020508
0 0.185547 0.625488 0.048828 0.061523
0 0.213867 0.560547 0.005859 0.007812
0 0.080078 0.516602 0.017578 0.025391
0 0.067871 0.489258 0.024414 0.041016
0 0.064941 0.542969 0.016602 0.019531
0 0.112305 0.342773 0.035156 0.039062
0 0.173340 0.300293 0.032227 0.034180
0 0.362305 0.583008 0.017578 0.017578
0 0.334473 0.595215 0.018555 0.018555
0 0.361328 0.634277 0.021484 0.022461
0 0.384277 0.664551 0.014648 0.014648
0 0.509277 0.683105 0.018555 0.018555
0 0.440918 0.738770 0.018555 0.020508
0 0.713867 0.254395 0.033203 0.026367
0 0.604980 0.310059 0.010742 0.008789
0 0.451660 0.560547 0.153320 0.156250
0 0.494141 0.643555 0.015625 0.013672
0 0.818359 0.559570 0.052734 0.076172
0 0.771973 0.755859 0.061523 0.072266
0 0.421387 0.502930 0.026367 0.019531
0 0.479492 0.551270 0.083984 0.114258
0 0.301758 0.448730 0.007812 0.008789
0 0.382324 0.936523 0.045898 0.033203
0 0.773438 0.758301 0.074219 0.069336
0 0.728516 0.811523 0.167969 0.181641
0 0.731934 0.848145 0.133789 0.116211
0 0.408203 0.559570 0.062500 0.103516
0 0.884766 0.775879 0.035156 0.069336
0 0.084961 0.534668 0.013672 0.020508
0 0.449707 0.571289 0.012695 0.013672
0 0.464844 0.560059 0.009766 0.010742
0 0.400391 0.583496 0.031250 0.034180
0 0.389160 0.545898 0.014648 0.013672
