0 0.399414 0.586426 0.029297 0.030273
0 0.388672 0.550781 0.013672 0.011719
0 0.452148 0.568848 0.154297 0.157227
0 0.488281 0.650391 0.015625 0.015625
0 0.561035 0.473633 0.022461 0.023438
0 0.448242 0.409668 0.017578 0.016602
0 0.312500 0.492188 0.033203 0.035156
0 0.293945 0.484863 0.011719 0.012695
0 0.364258 0.590820 0.017578 0.017578
0 0.334473 0.603027 0.016602 0.018555
0 0.358887 0.638672 0.022461 0.023438
0 0.381348 0.668457 0.014648 0.014648
0 0.284668 0.695801 0.040039 0.041992
0 0.300781 0.720703 0.005859 0.007812
0 0.222656 0.600098 0.017578 0.018555
0 0.180664 0.566895 0.015625 0.020508
0 0.215820 0.625488 0.017578 0.020508
0 0.160156 0.592285 0.013672 0.018555
0 0.090332 0.639160 0.024414 0.040039
0 0.183105 0.634277 0.049805 0.063477
0 0.179199 0.681641 0.028320 0.033203
0 0.164551 0.687500 0.008789 0.011719
0 0.234863 0.669922 0.038086 0.044922
0 0.224121 0.710449 0.040039 0.045898
0 0.226074 0.751465 0.024414 0.026367
0 0.200195 0.757812 0.023438 0.029297
0 0.210938 0.803223 0.023438 0.024414
0 0.220215 0.846191 0.041992 0.045898
0 0.319336 0.799316 0.041016 0.041992
0 0.365723 0.804688 0.016602 0.015625
0 0.180176 0.844238 0.036133 0.043945
0 0.159180 0.771484 0.013672 0.015625
0 0.146484 0.742676 0.035156 0.045898
0 0.103027 0.765625 0.022461 0.035156
0 0.081055 0.759766 0.023438 0.029297
0 0.081543 0.724609 0.022461 0.027344
0 0.091797 0.681641 0.025391 0.041016
0 0.065918 0.621094 0.022461 0.041016
0 0.155273 0.855957 0.035156 0.041992
0 0.232422 0.936523 0.167969 0.123047
0 0.320312 0.936035 0.023438 0.018555
0 0.328125 0.966309 0.048828 0.034180
0 0.393066 0.981934 0.065430 0.036133
0 0.378906 0.937988 0.052734 0.038086
0 0.360352 0.900879 0.042969 0.034180
0 0.434570 0.978516 0.013672 0.009766
0 0.447266 0.989258 0.017578 0.011719
0 0.461426 0.970703 0.047852 0.031250
0 0.500000 0.988770 0.039062 0.022461
0 0.491211 0.943848 0.042969 0.028320
0 0.467285 0.882812 0.041992 0.033203
0 0.575195 0.876953 0.037109 0.031250
0 0.547363 0.969238 0.020508 0.014648
0 0.583984 0.980957 0.052734 0.032227
0 0.647949 0.954102 0.038086 0.027344
0 0.707520 0.952637 0.096680 0.073242
0 0.834473 0.834961 0.041992 0.054688
0 0.649902 0.919922 0.036133 0.027344
0 0.481445 0.812012 0.011719 0.010742
0 0.505859 0.784668 0.062500 0.059570
0 0.437500 0.744629 0.021484 0.020508
0 0.505371 0.692383 0.018555 0.019531
0 0.612305 0.723145 0.007812 0.008789
0 0.586914 0.763184 0.017578 0.018555
0 0.612793 0.759766 0.018555 0.017578
0 0.687012 0.740723 0.030273 0.032227
0 0.767578 0.758789 0.064453 0.068359
0 0.729980 0.851074 0.133789 0.116211
0 0.726074 0.816406 0.166992 0.181641
0 0.826172 0.735352 0.013672 0.015625
0 0.847168 0.685059 0.028320 0.041992
0 0.906250 0.672363 0.015625 0.028320
0 0.816895 0.566406 0.059570 0.089844
0 0.818359 0.690918 0.013672 0.018555
0 0.814453 0.702637 0.007812 0.008789
0 0.771973 0.674805 0.010742 0.015625
0 0.750488 0.686523 0.014648 0.015625
0 0.741699 0.700195 0.014648 0.015625
0 0.623047 0.701660 0.011719 0.012695
0 0.666992 0.692383 0.017578 0.017578
0 0.708984 0.666992 0.023438 0.025391
0 0.696289 0.609863 0.033203 0.036133
0 0.754883 0.612305 0.017578 0.021484
0 0.775391 0.615234 0.009766 0.011719
0 0.769043 0.559082 0.016602 0.020508
0 0.836426 0.509277 0.008789 0.010742
0 0.708496 0.402832 0.022461 0.020508
0 0.719238 0.491699 0.024414 0.036133
0 0.575195 0.561035 0.009766 0.010742
0 0.750488 0.302734 0.022461 0.021484
0 0.245117 0.424316 0.011719 0.012695
0 0.158691 0.478027 0.038086 0.049805
0 0.152344 0.424316 0.025391 0.030273
0 0.102051 0.441895 0.016602 0.020508
0 0.083984 0.479980 0.011719 0.020508
0 0.065430 0.495605 0.023438 0.032227
0 0.076172 0.526367 0.013672 0.023438
0 0.082520 0.541992 0.012695 0.021484
0 0.065918 0.549805 0.012695 0.023438
