0 0.286133 0.476562 0.011719 0.013672
0 0.441406 0.417480 0.017578 0.016602
0 0.304688 0.502441 0.035156 0.034180
0 0.237793 0.435059 0.012695 0.012695
0 0.146973 0.436523 0.024414 0.027344
0 0.154297 0.486816 0.037109 0.049805
0 0.081543 0.485840 0.016602 0.022461
0 0.097168 0.448730 0.020508 0.024414
0 0.129883 0.361816 0.015625 0.018555
0 0.561035 0.482910 0.022461 0.020508
0 0.574707 0.572266 0.010742 0.011719
0 0.710938 0.399902 0.025391 0.024414
0 0.741211 0.278809 0.021484 0.020508
0 0.718262 0.492676 0.016602 0.028320
0 0.769531 0.566406 0.017578 0.021484
0 0.818848 0.569824 0.061523 0.088867
0 0.838867 0.513672 0.009766 0.011719
0 0.839844 0.462402 0.009766 0.010742
0 0.754883 0.619141 0.015625 0.021484
0 0.777344 0.620605 0.009766 0.012695
0 0.696289 0.618652 0.033203 0.036133
0 0.708496 0.673340 0.024414 0.026367
0 0.771484 0.680664 0.011719 0.013672
0 0.847168 0.689941 0.028320 0.041992
0 0.906250 0.676270 0.017578 0.030273
0 0.817383 0.694336 0.011719 0.017578
0 0.812988 0.706543 0.006836 0.010742
0 0.828613 0.729004 0.008789 0.014648
0 0.740234 0.704102 0.015625 0.015625
0 0.666016 0.700195 0.017578 0.019531
0 0.620605 0.709473 0.012695 0.014648
0 0.610840 0.729492 0.010742 0.009766
0 0.611328 0.766113 0.019531 0.020508
0 0.685059 0.746094 0.030273 0.033203
0 0.831543 0.838379 0.043945 0.053711
0 0.797852 0.905762 0.048828 0.051758
0 0.708008 0.954590 0.097656 0.075195
0 0.649902 0.921875 0.034180 0.029297
0 0.573730 0.878906 0.036133 0.029297
0 0.465332 0.885254 0.041992 0.034180
0 0.479004 0.816406 0.012695 0.011719
0 0.502441 0.789062 0.063477 0.058594
0 0.551758 0.707031 0.007812 0.007812
0 0.584961 0.770020 0.019531 0.020508
0 0.363281 0.808105 0.019531 0.018555
0 0.316895 0.805176 0.041992 0.041992
0 0.357910 0.902344 0.043945 0.035156
0 0.377441 0.939453 0.051758 0.037109
0 0.318359 0.937500 0.021484 0.021484
0 0.329102 0.966797 0.046875 0.033203
0 0.392578 0.979980 0.066406 0.038086
0 0.433594 0.979492 0.013672 0.009766
0 0.448730 0.989258 0.016602 0.011719
0 0.461914 0.969727 0.044922 0.029297
0 0.489258 0.942871 0.041016 0.030273
0 0.503418 0.986816 0.038086 0.020508
0 0.547363 0.970215 0.018555 0.014648
0 0.583984 0.982422 0.052734 0.033203
0 0.609863 0.995605 0.016602 0.008789
0 0.648926 0.955078 0.038086 0.027344
0 0.158203 0.865723 0.037109 0.041992
0 0.238281 0.940430 0.169922 0.119141
0 0.219238 0.849121 0.041992 0.045898
0 0.179199 0.849609 0.036133 0.041016
0 0.208984 0.805664 0.021484 0.025391
0 0.199707 0.759766 0.026367 0.031250
0 0.223145 0.752930 0.024414 0.027344
0 0.160156 0.776367 0.015625 0.015625
0 0.147949 0.747559 0.034180 0.043945
0 0.104980 0.770996 0.022461 0.034180
0 0.083008 0.767578 0.023438 0.027344
0 0.083984 0.731445 0.025391 0.031250
0 0.165039 0.690918 0.011719 0.012695
0 0.228516 0.701172 0.052734 0.068359
0 0.287109 0.700684 0.041016 0.043945
0 0.092285 0.687500 0.022461 0.039062
0 0.089355 0.645020 0.024414 0.040039
0 0.060059 0.641602 0.022461 0.048828
0 0.159180 0.598633 0.013672 0.017578
0 0.179688 0.576660 0.015625 0.020508
0 0.217773 0.610840 0.015625 0.018555
0 0.210938 0.633301 0.017578 0.020508
0 0.178223 0.652344 0.051758 0.070312
0 0.213867 0.560547 0.005859 0.007812
0 0.075195 0.532227 0.017578 0.025391
0 0.062988 0.502930 0.024414 0.041016
0 0.062012 0.558594 0.016602 0.019531
0 0.101562 0.357422 0.035156 0.039062
0 0.162109 0.316406 0.037109 0.041016
0 0.365234 0.594727 0.017578 0.017578
0 0.333496 0.608887 0.018555 0.018555
0 0.357422 0.642090 0.021484 0.022461
0 0.379395 0.672363 0.014648 0.014648
0 0.501465 0.698730 0.018555 0.018555
0 0.434570 0.748047 0.019531 0.019531
0 0.604980 0.310059 0.010742 0.008789
0 0.485352 0.656738 0.017578 0.016602
0 0.817383 0.564453 0.052734 0.076172
0 0.431152 0.510742 0.038086 0.023438
0 0.479004 0.577148 0.083008 0.117188
0 0.770508 0.764160 0.074219 0.069336
0 0.729004 0.853027 0.133789 0.116211
0 0.407227 0.565430 0.062500 0.103516
0 0.879883 0.778320 0.041016 0.070312
0 0.079102 0.550293 0.013672 0.020508
0 0.448730 0.585938 0.012695 0.013672
0 0.399414 0.593262 0.031250 0.034180
0 0.392090 0.555664 0.014648 0.013672
0 0.177246 0.647461 0.049805 0.064453
0 0.453125 0.575195 0.152344 0.156250
0 0.862793 0.622070 0.012695 0.015625
0 0.881836 0.626465 0.011719 0.012695
0 0.749023 0.692871 0.015625 0.018555
0 0.705566 0.781738 0.014648 0.014648
0 0.717773 0.764160 0.011719 0.008789
0 0.727539 0.790039 0.017578 0.015625
0 0.726074 0.820312 0.166992 0.183594
0 0.771484 0.763184 0.074219 0.067383
