0 0.278320 0.484375 0.011719 0.011719
0 0.436523 0.422852 0.017578 0.017578
0 0.299805 0.511230 0.033203 0.036133
0 0.230957 0.443848 0.012695 0.012695
0 0.141602 0.443359 0.023438 0.033203
0 0.150391 0.495605 0.037109 0.049805
0 0.078613 0.493652 0.016602 0.022461
0 0.094238 0.455566 0.020508 0.024414
0 0.125977 0.365723 0.015625 0.018555
0 0.560059 0.492188 0.022461 0.021484
0 0.573730 0.581055 0.010742 0.011719
0 0.710938 0.399902 0.025391 0.024414
0 0.741211 0.278809 0.021484 0.020508
0 0.718262 0.492676 0.016602 0.028320
0 0.770508 0.573242 0.017578 0.021484
0 0.818848 0.569824 0.061523 0.088867
0 0.838867 0.513672 0.009766 0.011719
0 0.839844 0.462402 0.009766 0.010742
0 0.756836 0.625488 0.017578 0.022461
0 0.777344 0.626465 0.009766 0.014648
0 0.698242 0.627441 0.033203 0.036133
0 0.708496 0.680176 0.024414 0.026367
0 0.772461 0.685547 0.011719 0.013672
0 0.847168 0.689941 0.028320 0.041992
0 0.906738 0.681152 0.018555 0.034180
0 0.817383 0.700195 0.011719 0.017578
0 0.824707 0.745605 0.008789 0.014648
0 0.740234 0.709961 0.015625 0.015625
0 0.665039 0.708008 0.017578 0.019531
0 0.618652 0.716309 0.012695 0.014648
0 0.607910 0.738281 0.010742 0.009766
0 0.609375 0.772949 0.019531 0.020508
0 0.684082 0.751953 0.030273 0.033203
0 0.829590 0.842285 0.043945 0.053711
0 0.797852 0.905762 0.048828 0.051758
0 0.705078 0.954590 0.097656 0.075195
0 0.649902 0.921875 0.034180 0.029297
0 0.572754 0.882812 0.036133 0.033203
0 0.462402 0.887207 0.041992 0.034180
0 0.476074 0.820312 0.012695 0.011719
0 0.499023 0.793457 0.062500 0.057617
0 0.551758 0.707031 0.007812 0.007812
0 0.583008 0.776855 0.019531 0.020508
0 0.360352 0.811035 0.019531 0.018555
0 0.315918 0.808105 0.041992 0.041992
0 0.354980 0.903320 0.043945 0.035156
0 0.375488 0.938965 0.049805 0.036133
0 0.318359 0.937500 0.021484 0.021484
0 0.326172 0.967773 0.046875 0.033203
0 0.391602 0.980957 0.066406 0.038086
0 0.431641 0.978516 0.013672 0.009766
0 0.445801 0.990234 0.016602 0.011719
0 0.458984 0.971680 0.044922 0.029297
0 0.488770 0.944336 0.043945 0.029297
0 0.498535 0.987793 0.038086 0.020508
0 0.545898 0.969727 0.017578 0.011719
0 0.583984 0.983398 0.052734 0.033203
0 0.609863 0.995605 0.016602 0.008789
0 0.648926 0.955078 0.038086 0.027344
0 0.158203 0.865723 0.037109 0.041992
0 0.238281 0.940430 0.169922 0.119141
0 0.217285 0.851562 0.041992 0.046875
0 0.179199 0.849609 0.036133 0.041016
0 0.208984 0.805664 0.021484 0.025391
0 0.198730 0.765625 0.026367 0.031250
0 0.220215 0.756836 0.024414 0.027344
0 0.160156 0.776367 0.015625 0.015625
0 0.146973 0.753418 0.034180 0.043945
0 0.105957 0.777832 0.022461 0.034180
0 0.084961 0.771484 0.023438 0.027344
0 0.083984 0.737305 0.025391 0.031250
0 0.166016 0.695801 0.011719 0.012695
0 0.226562 0.706055 0.052734 0.066406
0 0.286133 0.706543 0.041016 0.043945
0 0.092285 0.697266 0.022461 0.039062
0 0.088379 0.651855 0.024414 0.040039
0 0.061035 0.648438 0.022461 0.048828
0 0.155762 0.604980 0.014648 0.020508
0 0.175781 0.586426 0.015625 0.020508
0 0.216797 0.618652 0.015625 0.018555
0 0.209961 0.641113 0.017578 0.020508
0 0.177246 0.658203 0.051758 0.070312
0 0.213867 0.560547 0.005859 0.007812
0 0.071289 0.538086 0.017578 0.025391
0 0.061035 0.507812 0.024414 0.041016
0 0.059082 0.565430 0.016602 0.019531
0 0.100586 0.355469 0.035156 0.039062
0 0.155273 0.324219 0.037109 0.041016
0 0.367188 0.597656 0.017578 0.017578
0 0.333496 0.614746 0.018555 0.018555
0 0.356445 0.645996 0.021484 0.022461
0 0.376465 0.675293 0.014648 0.014648
0 0.497559 0.705566 0.018555 0.018555
0 0.431641 0.752930 0.019531 0.019531
0 0.604980 0.310059 0.010742 0.008789
0 0.482422 0.661621 0.017578 0.018555
0 0.817383 0.564453 0.052734 0.076172
0 0.482910 0.583984 0.083008 0.117188
0 0.377441 0.939453 0.045898 0.033203
0 0.770508 0.764160 0.074219 0.069336
0 0.729004 0.853027 0.133789 0.116211
0 0.407227 0.571289 0.062500 0.103516
0 0.879883 0.781250 0.044922 0.076172
0 0.077148 0.556152 0.013672 0.020508
0 0.448730 0.587891 0.012695 0.013672
0 0.399414 0.593262 0.031250 0.034180
0 0.395020 0.558594 0.014648 0.013672
0 0.176270 0.656250 0.049805 0.064453
0 0.861816 0.627930 0.012695 0.015625
0 0.884766 0.631348 0.011719 0.012695
0 0.749023 0.698242 0.013672 0.017578
0 0.726074 0.820312 0.166992 0.183594
0 0.770996 0.767578 0.073242 0.072266
0 0.434082 0.514648 0.032227 0.021484
0 0.453125 0.579102 0.154297 0.158203
0 0.675781 0.868652 0.013672 0.014648
0 0.707031 0.784668 0.009766 0.012695
0 0.717285 0.764160 0.010742 0.010742
0 0.727051 0.793457 0.014648 0.012695
0 0.811523 0.711426 0.007812 0.010742
