0 0.400391 0.595215 0.029297 0.030273
0 0.397461 0.558594 0.013672 0.011719
0 0.454102 0.583496 0.152344 0.153320
0 0.479492 0.665039 0.017578 0.017578
0 0.561035 0.499023 0.022461 0.023438
0 0.432617 0.427246 0.017578 0.016602
0 0.297852 0.519531 0.033203 0.035156
0 0.274414 0.494629 0.007812 0.006836
0 0.371094 0.599609 0.017578 0.017578
0 0.334473 0.618652 0.016602 0.018555
0 0.357910 0.648438 0.022461 0.023438
0 0.375488 0.677246 0.014648 0.014648
0 0.283203 0.707520 0.039062 0.041992
0 0.214844 0.624512 0.017578 0.018555
0 0.173828 0.592285 0.015625 0.020508
0 0.206055 0.645996 0.017578 0.020508
0 0.154297 0.612793 0.013672 0.018555
0 0.087402 0.656738 0.024414 0.040039
0 0.174316 0.660645 0.047852 0.063477
0 0.165527 0.700195 0.008789 0.011719
0 0.226074 0.708984 0.051758 0.060547
0 0.218262 0.759277 0.024414 0.026367
0 0.197266 0.767578 0.023438 0.029297
0 0.207031 0.812012 0.023438 0.024414
0 0.216309 0.855469 0.041992 0.044922
0 0.313477 0.809082 0.041016 0.041992
0 0.358887 0.813477 0.016602 0.015625
0 0.180176 0.854980 0.038086 0.043945
0 0.160156 0.785156 0.013672 0.015625
0 0.145508 0.756348 0.035156 0.045898
0 0.106934 0.783203 0.022461 0.035156
0 0.083984 0.774414 0.023438 0.029297
0 0.086426 0.739258 0.022461 0.027344
0 0.091797 0.700195 0.025391 0.041016
0 0.058105 0.653809 0.024414 0.051758
0 0.163086 0.872070 0.035156 0.037109
0 0.244141 0.943848 0.171875 0.112305
0 0.315430 0.937988 0.023438 0.018555
0 0.325195 0.966309 0.048828 0.034180
0 0.393066 0.981934 0.065430 0.036133
0 0.373535 0.939453 0.049805 0.035156
0 0.352539 0.902832 0.042969 0.034180
0 0.434570 0.978516 0.013672 0.009766
0 0.447266 0.989258 0.017578 0.011719
0 0.461426 0.970703 0.047852 0.031250
0 0.500000 0.988770 0.039062 0.022461
0 0.488281 0.947754 0.042969 0.028320
0 0.460449 0.889648 0.041992 0.033203
0 0.569336 0.885742 0.037109 0.031250
0 0.547363 0.972168 0.020508 0.014648
0 0.583984 0.982910 0.052734 0.032227
0 0.647949 0.954102 0.038086 0.027344
0 0.706543 0.953613 0.096680 0.073242
0 0.827637 0.846680 0.041992 0.054688
0 0.649902 0.923828 0.036133 0.027344
0 0.473633 0.822754 0.011719 0.010742
0 0.497070 0.797363 0.062500 0.059570
0 0.429688 0.756348 0.021484 0.020508
0 0.493652 0.709961 0.018555 0.019531
0 0.608398 0.741699 0.007812 0.008789
0 0.580078 0.779785 0.017578 0.018555
0 0.606934 0.776367 0.018555 0.017578
0 0.770508 0.768555 0.064453 0.068359
0 0.724121 0.855957 0.133789 0.116211
0 0.724121 0.824219 0.166992 0.181641
0 0.825195 0.746094 0.013672 0.015625
0 0.845215 0.693848 0.028320 0.041992
0 0.907227 0.686035 0.015625 0.028320
0 0.817383 0.574219 0.058594 0.085938
0 0.817383 0.705566 0.013672 0.018555
0 0.814453 0.714355 0.007812 0.008789
0 0.770996 0.689453 0.010742 0.015625
0 0.747559 0.702148 0.014648 0.015625
0 0.739746 0.712891 0.014648 0.015625
0 0.619141 0.724121 0.011719 0.012695
0 0.666016 0.718750 0.017578 0.017578
0 0.707031 0.687500 0.023438 0.025391
0 0.698242 0.634277 0.033203 0.036133
0 0.756836 0.631836 0.017578 0.021484
0 0.779297 0.631836 0.009766 0.011719
0 0.770020 0.580566 0.016602 0.020508
0 0.842285 0.521973 0.008789 0.010742
0 0.716309 0.400879 0.022461 0.020508
0 0.719727 0.491211 0.023438 0.035156
0 0.574219 0.593262 0.009766 0.010742
0 0.226562 0.450684 0.011719 0.012695
0 0.147461 0.501465 0.033203 0.049805
0 0.137695 0.450684 0.025391 0.030273
0 0.090332 0.462402 0.016602 0.020508
0 0.076172 0.502441 0.011719 0.020508
0 0.058594 0.514160 0.017578 0.030273
0 0.072266 0.541016 0.013672 0.023438
0 0.074707 0.561523 0.012695 0.021484
0 0.059082 0.569336 0.012695 0.023438
0 0.151855 0.330566 0.036133 0.038086
