0 0.267578 0.503906 0.011719 0.011719
0 0.424805 0.430664 0.017578 0.017578
0 0.291504 0.527832 0.036133 0.038086
0 0.220703 0.457031 0.013672 0.013672
0 0.134766 0.457031 0.023438 0.033203
0 0.145020 0.510254 0.038086 0.051758
0 0.074707 0.503418 0.016602 0.022461
0 0.086426 0.467285 0.020508 0.024414
0 0.119141 0.378418 0.015625 0.018555
0 0.557129 0.504883 0.024414 0.025391
0 0.568848 0.599121 0.012695 0.014648
0 0.710938 0.399902 0.025391 0.024414
0 0.741211 0.278809 0.021484 0.020508
0 0.718262 0.492676 0.016602 0.028320
0 0.770508 0.583984 0.017578 0.021484
0 0.818848 0.572754 0.061523 0.088867
0 0.842773 0.524414 0.009766 0.011719
0 0.836914 0.468262 0.009766 0.010742
0 0.755859 0.634277 0.019531 0.024414
0 0.778320 0.632324 0.011719 0.014648
0 0.694824 0.637695 0.034180 0.039062
0 0.703613 0.688965 0.024414 0.026367
0 0.769531 0.689453 0.013672 0.015625
0 0.846191 0.694824 0.028320 0.041992
0 0.906738 0.683105 0.018555 0.034180
0 0.817383 0.700195 0.011719 0.017578
0 0.824707 0.745605 0.008789 0.014648
0 0.736816 0.712891 0.016602 0.017578
0 0.662109 0.722656 0.017578 0.019531
0 0.615723 0.728027 0.012695 0.014648
0 0.604004 0.747070 0.010742 0.009766
0 0.603516 0.778809 0.019531 0.020508
0 0.829590 0.842285 0.043945 0.053711
0 0.797852 0.905762 0.048828 0.051758
0 0.701172 0.950684 0.103516 0.077148
0 0.648926 0.922852 0.034180 0.029297
0 0.573242 0.883301 0.041016 0.034180
0 0.457520 0.885254 0.041992 0.034180
0 0.476074 0.820312 0.012695 0.011719
0 0.490234 0.796387 0.062500 0.057617
0 0.551758 0.707031 0.007812 0.007812
0 0.577148 0.781738 0.019531 0.020508
0 0.349609 0.813965 0.019531 0.018555
0 0.304199 0.812012 0.041992 0.041992
0 0.342285 0.898438 0.043945 0.035156
0 0.369629 0.934570 0.053711 0.039062
0 0.304688 0.932617 0.021484 0.017578
0 0.400391 0.972168 0.066406 0.038086
0 0.494629 0.939453 0.043945 0.029297
0 0.509766 0.983887 0.042969 0.024414
0 0.552734 0.965820 0.017578 0.011719
0 0.592773 0.978516 0.052734 0.033203
0 0.185547 0.878418 0.037109 0.041992
0 0.213379 0.867188 0.040039 0.042969
0 0.204102 0.827148 0.021484 0.025391
0 0.194824 0.779297 0.026367 0.031250
0 0.213379 0.768555 0.024414 0.027344
0 0.162109 0.799805 0.015625 0.015625
0 0.147949 0.770996 0.034180 0.043945
0 0.115723 0.800293 0.022461 0.034180
0 0.095703 0.790039 0.023438 0.027344
0 0.091797 0.753906 0.025391 0.031250
0 0.164062 0.708496 0.011719 0.012695
0 0.221680 0.718750 0.054688 0.068359
0 0.276367 0.713379 0.041016 0.043945
0 0.092285 0.713867 0.022461 0.039062
0 0.088379 0.667480 0.024414 0.040039
0 0.061035 0.662109 0.022461 0.048828
0 0.151855 0.622559 0.014648 0.020508
0 0.170898 0.602539 0.017578 0.023438
0 0.208984 0.634277 0.017578 0.020508
0 0.172363 0.671875 0.051758 0.066406
0 0.213867 0.560547 0.005859 0.007812
0 0.067383 0.549805 0.017578 0.025391
0 0.058105 0.519531 0.024414 0.041016
0 0.058105 0.578125 0.016602 0.019531
0 0.093750 0.364258 0.035156 0.039062
0 0.151367 0.334961 0.037109 0.041016
0 0.367188 0.601562 0.017578 0.017578
0 0.331055 0.622559 0.019531 0.020508
0 0.352539 0.649902 0.021484 0.022461
0 0.369629 0.677246 0.014648 0.014648
0 0.485840 0.711426 0.018555 0.018555
0 0.422852 0.755859 0.023438 0.023438
0 0.604980 0.310059 0.010742 0.008789
0 0.473633 0.667480 0.021484 0.020508
0 0.817383 0.568359 0.052734 0.076172
0 0.479004 0.586914 0.083008 0.117188
0 0.407227 0.571289 0.062500 0.103516
0 0.877441 0.785156 0.047852 0.078125
0 0.073242 0.568848 0.013672 0.020508
0 0.448730 0.587891 0.012695 0.013672
0 0.399414 0.593262 0.031250 0.034180
0 0.395020 0.558594 0.014648 0.013672
0 0.860840 0.631836 0.012695 0.015625
0 0.881836 0.638184 0.011719 0.012695
0 0.746094 0.702148 0.013672 0.017578
0 0.452148 0.585938 0.154297 0.158203
0 0.675781 0.864746 0.013672 0.014648
0 0.811523 0.711426 0.007812 0.010742
0 0.728516 0.792969 0.015625 0.013672
0 0.710938 0.774902 0.011719 0.012695
0 0.719238 0.758789 0.010742 0.011719
0 0.771973 0.768555 0.067383 0.080078
0 0.792969 0.803223 0.009766 0.010742
0 0.772461 0.768066 0.068359 0.079102
0 0.725098 0.854980 0.137695 0.118164
0 0.723633 0.820312 0.166016 0.183594
0 0.317871 0.960449 0.051758 0.036133
0 0.393066 0.995117 0.030273 0.009766
0 0.439453 0.968750 0.013672 0.013672
0 0.458496 0.981934 0.018555 0.010742
0 0.468750 0.963379 0.046875 0.032227
0 0.613770 0.991211 0.016602 0.013672
0 0.437500 0.519531 0.035156 0.023438
0 0.203613 0.656250 0.018555 0.023438
0 0.375488 0.657227 0.014648 0.017578
0 0.183105 0.912109 0.040039 0.037109
0 0.279785 0.961914 0.178711 0.076172
