0 267 245 283 257
0 431 213 467 237
0 470 219 488 233
0 640 239 648 243
0 661 209 697 241
0 704 200 734 222
0 843 266 865 288
0 828 293 846 313
0 843 290 851 298
0 845 305 855 317
0 856 277 916 349
0 890 332 928 382
0 957 374 981 418
0 741 409 751 423
0 848 384 860 400
0 923 377 933 391
0 915 389 921 395
0 942 409 948 417
0 936 431 954 461
0 782 376 800 408
0 803 349 825 373
0 847 351 857 361
0 866 356 872 364
0 850 373 856 381
0 799 404 827 434
0 994 442 1018 486
0 857 259 871 275
0 758 292 790 322
0 735 345 745 355
0 610 310 616 318
0 635 337 643 347
0 713 406 725 418
0 610 424 668 484
0 946 462 962 492
0 870 505 884 523
0 884 513 892 521
0 819 604 833 618
0 817 618 833 634
0 819 452 857 500
0 868 436 932 528
0 974 496 988 518
0 949 618 961 636
0 752 470 846 582
0 903 652 917 668
0 838 672 920 762
0 849 506 955 656
0 762 585 788 615
0 679 571 695 587
0 770 635 796 665
0 570 415 578 423
0 604 493 614 503
0 496 508 506 520
0 572 565 608 603
0 751 680 777 704
0 771 700 785 714
0 790 710 802 720
0 673 716 721 754
0 732 739 748 753
0 648 723 658 733
0 656 700 662 706
0 590 736 606 746
0 668 768 680 778
0 589 659 611 679
0 558 603 572 617
0 468 650 492 672
0 428 616 438 626
0 436 625 458 647
0 507 758 517 766
0 533 771 565 791
0 535 698 569 726
0 479 738 497 752
0 505 725 513 731
0 359 758 399 786
0 414 734 456 766
0 428 687 456 709
0 363 721 373 729
0 304 721 336 749
0 426 660 444 678
0 234 700 242 710
0 110 644 210 764
0 140 582 174 628
0 161 617 191 653
0 218 623 234 639
0 275 612 289 626
0 181 644 205 674
0 108 623 138 661
0 94 578 112 604
0 97 547 109 563
0 113 524 125 538
0 114 535 136 565
0 169 566 177 576
0 275 561 305 595
0 196 550 226 586
0 271 528 285 542
0 312 483 338 511
0 403 496 421 516
0 412 512 454 556
0 430 301 474 343
0 413 298 423 308
0 371 261 385 271
0 409 329 419 339
0 463 234 595 348
0 342 303 352 313
0 470 347 482 359
0 344 315 378 349
0 262 246 352 332
0 216 299 226 309
0 249 322 259 336
0 277 353 291 369
0 192 363 204 377
0 207 339 257 397
0 223 410 243 434
0 281 386 319 428
0 108 396 126 426
0 124 349 146 385
0 166 452 186 482
0 233 445 239 451
0 186 496 192 504
0 156 477 164 493
0 292 480 302 492
0 297 429 339 473
0 398 405 434 441
0 91 472 101 488
