0 302 220 346 260
0 370 228 392 246
0 400 240 418 256
0 404 249 428 269
0 399 267 413 277
0 322 298 368 344
0 366 345 396 375
0 235 279 257 303
0 244 346 266 368
0 140 336 174 384
0 90 370 112 416
0 226 359 244 381
0 243 375 255 389
0 254 393 262 401
0 305 384 319 402
0 325 395 335 407
0 320 403 326 411
0 192 280 216 310
0 165 294 183 318
0 246 238 270 254
0 575 265 623 307
0 660 224 722 274
0 732 158 846 248
0 786 233 820 263
0 777 250 805 274
0 807 263 827 281
0 735 265 757 287
0 740 274 796 324
0 818 326 842 352
0 889 304 937 368
0 958 303 1002 383
0 881 362 895 380
0 932 371 942 385
0 613 296 651 330
0 719 313 767 363
0 770 363 790 387
0 780 377 802 413
0 836 406 848 422
0 880 388 898 412
0 896 405 914 429
0 927 442 943 468
0 893 433 929 483
0 895 474 903 482
0 943 485 957 511
0 922 502 934 518
0 954 543 976 579
0 863 582 883 610
0 858 571 872 587
0 762 487 928 689
0 820 443 838 463
0 731 472 739 480
0 700 430 744 476
0 706 479 722 495
0 712 519 728 537
0 714 416 724 426
0 658 373 692 409
0 696 404 704 412
0 657 333 707 383
0 590 328 640 376
0 472 305 482 313
0 542 337 562 357
0 510 341 528 359
0 487 347 499 361
0 520 380 530 392
0 575 376 607 408
0 581 401 611 431
0 537 449 561 475
0 588 457 614 485
0 635 465 649 479
0 468 453 482 467
0 485 470 503 490
0 438 454 452 470
0 420 457 442 479
0 505 504 523 522
0 574 521 590 537
0 578 545 588 555
0 551 548 569 566
0 534 559 584 609
0 591 576 629 612
0 515 590 559 632
0 611 616 625 630
0 509 537 517 545
0 510 217 528 231
0 451 216 465 226
0 444 343 484 381
0 409 373 485 451
0 58 431 86 493
0 156 474 170 490
0 144 445 160 467
0 271 459 287 479
0 298 441 346 493
0 350 446 356 456
0 342 499 350 509
0 331 510 341 520
0 395 563 411 579
0 352 552 386 588
0 383 590 389 598
0 326 576 340 590
0 328 572 336 580
0 300 550 318 568
0 299 580 323 608
0 324 617 344 637
0 351 619 373 641
0 353 658 369 674
0 464 634 472 640
0 495 640 519 662
0 578 636 584 642
0 684 611 700 627
0 599 625 635 659
0 701 631 707 637
0 707 628 723 644
0 724 630 742 648
0 696 655 710 667
0 611 654 635 674
0 641 682 649 688
0 681 695 691 703
0 839 685 855 699
0 765 670 795 694
0 757 702 817 750
0 720 717 740 737
0 637 709 689 749
0 611 707 617 713
0 570 703 594 723
0 371 651 377 655
0 264 647 288 673
0 238 660 254 678
0 244 677 262 697
0 252 561 264 573
0 144 564 174 604
0 112 487 128 509
0 187 499 195 511
0 60 519 86 565
0 121 611 151 653
0 278 603 284 609
0 164 663 192 701
0 189 678 279 764
0 364 695 384 711
0 391 701 405 711
0 414 725 436 745
0 473 708 501 730
0 495 725 517 741
0 458 737 462 741
0 458 750 476 762
0 480 754 500 770
0 473 768 489 778
0 412 755 422 761
0 382 755 396 765
0 645 751 693 783
0 608 757 640 779
0 579 743 601 761
0 597 784 629 800
0 332 779 374 803
