0 272 250 288 262
0 444 211 480 235
0 486 216 504 230
0 648 239 656 243
0 674 207 710 239
0 711 199 741 221
0 850 274 872 296
0 830 294 848 314
0 850 294 858 302
0 847 305 857 317
0 863 281 929 375
0 957 374 981 418
0 740 412 750 426
0 851 386 863 402
0 923 377 933 391
0 915 389 921 395
0 942 409 948 417
0 936 431 954 461
0 783 377 801 409
0 802 350 824 374
0 847 357 857 367
0 866 362 872 370
0 851 377 857 385
0 799 404 827 434
0 994 442 1018 486
0 864 265 878 281
0 758 292 790 322
0 736 348 744 356
0 612 314 618 322
0 635 342 643 352
0 712 409 724 421
0 609 427 667 487
0 946 462 962 492
0 871 503 885 521
0 885 510 893 518
0 821 604 831 618
0 817 618 833 634
0 819 452 857 500
0 869 434 931 524
0 974 496 988 518
0 950 619 962 637
0 752 470 846 582
0 905 653 917 667
0 838 672 920 762
0 850 505 954 653
0 762 585 788 615
0 679 574 695 590
0 769 635 795 665
0 569 418 577 426
0 604 493 614 503
0 495 510 503 520
0 572 569 606 603
0 751 680 777 704
0 771 700 785 714
0 790 710 802 720
0 673 716 721 754
0 732 739 748 753
0 648 723 658 733
0 656 700 662 706
0 590 736 606 746
0 668 768 680 778
0 589 661 609 679
0 557 604 571 618
0 468 651 488 671
0 427 617 437 627
0 434 626 456 646
0 509 759 517 765
0 536 772 564 790
0 535 699 569 727
0 482 740 498 752
0 506 728 512 732
0 364 757 400 785
0 416 736 456 764
0 428 687 454 709
0 363 721 373 729
0 305 723 335 747
0 426 661 442 677
0 234 700 242 710
0 117 648 217 768
0 139 579 173 625
0 160 615 190 651
0 217 621 231 635
0 275 611 285 625
0 180 644 200 668
0 107 621 131 659
0 93 576 111 602
0 97 547 109 561
0 113 524 125 538
0 114 535 132 563
0 169 566 177 576
0 273 562 301 594
0 196 550 226 586
0 271 528 285 542
0 310 483 334 511
0 400 498 418 518
0 411 514 453 556
0 439 303 483 345
0 421 301 431 309
0 387 258 399 268
0 416 333 426 343
0 470 231 600 347
0 353 309 363 319
0 475 351 487 363
0 351 321 383 353
0 286 244 376 330
0 227 297 235 305
0 260 318 268 328
0 277 351 291 367
0 198 361 206 371
0 209 336 259 392
0 223 408 241 430
0 281 386 319 428
0 110 395 128 423
0 127 350 149 380
0 166 450 184 478
0 233 445 239 451
0 185 494 191 502
0 156 475 164 491
0 290 479 300 491
0 294 429 336 473
0 396 408 432 444
0 91 471 99 485
0 864 289 918 353
0 308 184 344 212
0 187 218 217 252
0 240 203 262 225
0 185 248 205 266
0 190 264 202 278
