0 306 217 350 257
0 371 226 393 244
0 393 240 423 266
0 401 263 415 273
0 325 296 369 338
0 368 340 398 370
0 238 271 260 295
0 244 341 266 363
0 145 329 179 377
0 95 363 117 409
0 228 353 246 375
0 244 367 256 381
0 256 385 264 393
0 307 378 321 396
0 323 388 339 404
0 196 275 220 305
0 167 289 185 313
0 246 238 270 254
0 576 264 622 300
0 660 224 722 274
0 727 154 841 244
0 779 230 813 260
0 777 250 805 274
0 799 257 819 275
0 733 264 789 316
0 814 320 838 346
0 882 295 930 359
0 949 300 995 366
0 877 357 891 377
0 930 366 936 376
0 613 291 647 323
0 720 305 768 355
0 763 355 783 379
0 780 377 802 413
0 832 398 844 414
0 879 384 897 408
0 895 397 913 421
0 895 420 931 472
0 895 460 903 468
0 942 475 956 501
0 920 493 932 509
0 955 531 977 567
0 866 563 886 591
0 877 546 891 562
0 765 472 931 676
0 817 435 835 455
0 726 460 734 468
0 697 418 741 464
0 703 467 719 483
0 710 508 726 526
0 708 406 718 416
0 654 363 690 397
0 691 394 699 402
0 657 325 707 375
0 591 322 641 370
0 472 302 482 310
0 542 331 562 351
0 511 337 529 355
0 487 342 499 356
0 521 373 535 387
0 576 369 608 401
0 581 393 611 423
0 536 441 560 467
0 585 447 613 477
0 631 453 647 469
0 466 444 480 458
0 485 458 507 482
0 422 446 446 468
0 505 496 523 514
0 574 511 590 527
0 578 538 588 548
0 553 542 571 560
0 517 553 581 617
0 592 563 630 599
0 615 603 629 617
0 510 524 518 532
0 505 214 523 228
0 445 214 459 224
0 448 338 486 376
0 410 366 486 444
0 63 425 87 481
0 156 464 170 480
0 147 439 157 457
0 273 450 293 472
0 299 431 347 483
0 350 437 356 447
0 342 490 350 500
0 332 501 342 511
0 393 552 409 568
0 352 542 386 578
0 383 580 389 588
0 325 566 341 580
0 300 541 318 559
0 299 570 323 598
0 324 605 344 625
0 351 607 373 629
0 352 646 368 662
0 467 621 475 627
0 498 626 522 648
0 582 625 588 631
0 689 599 705 615
0 603 614 639 648
0 706 617 712 623
0 711 614 729 632
0 731 617 747 633
0 701 640 715 652
0 615 642 639 662
0 646 667 654 675
0 686 680 696 688
0 848 672 864 686
0 772 656 802 680
0 766 687 826 735
0 727 705 747 723
0 642 691 694 735
0 614 693 620 699
0 571 690 597 712
0 370 640 376 644
0 261 636 285 662
0 240 664 254 682
0 252 551 264 563
0 143 554 169 590
0 111 476 127 498
0 188 490 196 502
0 60 509 82 553
0 117 601 147 643
0 277 592 283 598
0 175 659 263 747
0 360 684 380 700
0 388 687 402 699
0 411 713 433 729
0 473 695 501 717
0 495 712 517 728
0 457 725 461 729
0 457 737 475 749
0 478 741 498 757
0 472 755 486 765
0 407 743 417 749
0 376 745 388 751
0 655 736 701 770
0 617 742 649 764
0 584 729 606 747
0 604 771 636 791
0 320 766 354 790
0 170 417 178 427
0 119 393 133 409
0 127 458 141 472
0 302 474 308 478
0 238 648 254 664
0 354 784 378 800
0 537 784 575 802
0 515 654 521 662
0 496 670 502 676
0 342 621 346 625
0 595 330 629 364
0 810 417 816 423
0 844 228 864 254
