0 311 213 353 255
0 372 220 394 238
0 389 235 423 263
0 328 287 376 331
0 371 328 403 358
0 242 261 264 285
0 236 326 266 360
0 151 315 185 363
0 100 347 126 393
0 247 352 263 370
0 259 366 271 380
0 273 336 281 344
0 310 364 328 382
0 326 372 344 390
0 201 263 225 293
0 175 276 193 300
0 254 226 278 242
0 576 264 622 300
0 654 213 716 263
0 718 149 832 239
0 773 228 807 258
0 723 254 779 310
0 804 306 834 336
0 872 284 922 350
0 938 283 988 359
0 870 345 888 367
0 919 351 933 363
0 613 291 647 323
0 713 292 761 340
0 756 340 782 368
0 780 377 802 413
0 825 378 841 400
0 876 371 906 407
0 890 399 928 455
0 937 455 953 483
0 917 474 929 490
0 956 506 978 544
0 770 446 932 654
0 813 417 831 437
0 719 439 727 447
0 693 399 737 445
0 699 445 717 465
0 708 486 728 506
0 703 389 713 399
0 684 374 692 382
0 644 314 704 376
0 587 310 639 356
0 471 291 485 303
0 538 321 562 343
0 508 325 528 345
0 520 359 536 375
0 553 376 571 394
0 575 360 613 402
0 536 423 560 449
0 582 427 614 457
0 629 431 647 451
0 465 424 481 440
0 486 437 508 461
0 423 427 447 449
0 505 496 523 514
0 574 488 594 508
0 579 517 589 527
0 554 519 574 539
0 517 527 583 593
0 591 539 629 577
0 615 582 631 596
0 510 524 518 532
0 499 210 517 224
0 453 326 491 364
0 413 352 491 426
0 65 404 89 460
0 156 444 170 460
0 146 420 162 440
0 276 430 296 458
0 299 412 351 468
0 350 421 360 431
0 342 470 350 480
0 333 478 347 492
0 389 529 407 549
0 350 519 386 557
0 381 556 387 564
0 325 543 341 559
0 301 518 321 540
0 297 547 325 577
0 324 580 344 604
0 348 580 370 608
0 346 621 364 639
0 467 596 475 604
0 499 601 523 623
0 583 598 591 608
0 694 573 710 589
0 603 591 647 633
0 707 612 723 628
0 718 586 738 606
0 740 589 756 607
0 647 639 657 649
0 693 652 703 662
0 857 645 873 659
0 779 627 807 655
0 778 656 834 708
0 740 677 760 697
0 652 661 702 707
0 620 666 626 672
0 574 662 602 684
0 366 614 372 620
0 254 613 278 639
0 229 642 245 660
0 251 529 265 543
0 139 530 165 570
0 112 455 128 477
0 185 467 199 483
0 58 485 80 529
0 110 580 134 618
0 275 568 281 576
0 161 633 243 725
0 352 657 372 675
0 380 660 396 678
0 404 686 428 706
0 470 669 498 691
0 494 686 514 702
0 452 699 456 703
0 450 709 470 725
0 475 715 495 731
0 465 730 479 740
0 397 717 407 723
0 363 716 377 730
0 665 706 713 744
0 617 742 649 764
0 590 702 612 720
0 563 772 615 802
0 296 741 328 765
0 173 400 183 414
0 124 374 138 394
0 132 437 146 455
0 232 625 248 643
0 331 757 355 777
0 543 759 575 779
0 515 629 521 637
0 496 645 502 651
0 591 314 635 354
0 809 373 815 381
0 831 223 851 249
0 398 252 412 260
0 501 248 515 258
0 415 325 421 333
0 108 432 118 452
0 219 501 225 507
0 333 591 341 601
0 775 248 789 266
0 884 377 904 405
0 808 399 814 407
0 426 783 446 797
0 871 532 891 560
0 882 513 892 529
0 994 427 1024 483
0 983 519 1013 617
0 464 767 498 789
0 628 711 660 739
