0 264 266 280 278
0 443 221 477 245
0 490 223 508 237
0 646 252 654 256
0 681 217 713 249
0 714 208 744 230
0 854 287 874 309
0 831 311 845 331
0 851 312 859 320
0 848 322 856 334
0 869 297 935 391
0 960 391 982 433
0 734 430 744 444
0 850 407 862 423
0 925 393 935 407
0 919 405 925 411
0 937 450 953 478
0 783 377 801 409
0 802 368 824 392
0 849 377 859 387
0 868 381 874 389
0 851 398 857 406
0 798 423 826 453
0 996 463 1020 507
0 873 280 887 296
0 758 308 790 340
0 732 367 740 375
0 606 333 612 341
0 628 360 636 370
0 705 428 717 440
0 601 444 659 506
0 943 478 959 508
0 817 616 827 630
0 812 627 828 643
0 866 451 928 541
0 969 513 983 535
0 943 632 955 650
0 751 469 851 595
0 898 662 910 676
0 829 677 911 767
0 841 519 949 665
0 760 595 786 625
0 676 586 692 602
0 763 644 789 674
0 560 436 568 444
0 593 512 603 522
0 486 526 494 536
0 565 583 601 617
0 745 690 771 714
0 763 708 777 722
0 782 717 794 727
0 668 726 714 760
0 725 749 739 759
0 645 730 655 740
0 650 709 656 715
0 586 743 602 753
0 666 773 678 783
0 583 670 605 690
0 551 617 565 629
0 461 661 483 681
0 423 628 433 638
0 429 636 451 658
0 506 762 518 770
0 533 775 565 795
0 530 707 564 735
0 478 744 496 758
0 504 735 510 739
0 364 759 404 789
0 417 741 457 769
0 426 694 452 716
0 362 727 372 735
0 306 725 338 751
0 422 670 440 686
0 230 699 244 715
0 120 650 220 770
0 144 597 190 659
0 217 629 231 645
0 270 617 284 633
0 107 627 131 665
0 93 584 111 610
0 99 558 111 572
0 113 539 125 553
0 116 547 134 575
0 164 575 172 585
0 268 571 298 603
0 192 557 222 593
0 263 536 277 550
0 299 492 327 522
0 393 512 411 532
0 404 526 446 568
0 439 321 481 359
0 417 320 427 328
0 389 267 401 277
0 409 350 419 360
0 467 245 597 361
0 466 368 478 380
0 343 338 375 370
0 295 257 385 343
0 225 309 233 317
0 261 325 269 335
0 269 360 283 376
0 195 371 203 381
0 206 345 254 403
0 217 417 235 439
0 281 386 319 428
0 106 406 124 434
0 122 361 144 391
0 161 461 181 489
0 233 445 239 451
0 181 503 187 511
0 153 485 161 501
0 282 490 292 502
0 286 440 324 486
0 385 423 421 459
0 89 482 97 496
0 868 303 926 371
0 350 325 360 335
0 350 760 358 768
0 714 770 728 780
0 345 187 383 209
0 290 196 334 228
0 569 162 625 192
0 642 206 662 220
