0 156 303 196 351
0 104 332 136 382
0 237 315 273 353
0 261 348 275 362
0 331 278 381 322
0 381 227 423 261
0 373 315 409 349
0 419 317 425 323
0 470 284 488 298
0 499 240 517 256
0 452 315 496 355
0 539 313 565 337
0 504 313 534 341
0 562 271 578 285
0 579 254 641 306
0 589 301 641 347
0 643 299 703 359
0 662 253 676 263
0 650 207 710 253
0 703 248 777 320
0 863 274 919 340
0 920 269 970 345
0 800 298 830 328
0 757 226 795 264
0 741 324 771 352
0 816 364 834 386
0 800 380 810 394
0 780 377 802 413
0 807 400 827 424
0 872 359 902 395
0 882 383 924 439
0 862 332 884 360
0 931 438 949 466
0 912 455 926 473
0 952 486 976 528
0 769 422 935 634
0 786 599 814 629
0 868 619 882 635
0 724 561 744 583
0 746 564 762 582
0 698 549 716 567
0 712 585 730 603
0 699 626 709 636
0 789 627 845 683
0 751 651 773 673
0 778 656 786 664
0 659 633 711 681
0 712 638 718 644
0 652 614 664 624
0 608 564 652 610
0 619 557 637 573
0 586 573 596 583
0 624 641 632 647
0 578 637 606 661
0 595 676 619 694
0 637 683 673 713
0 676 678 724 720
0 623 713 659 741
0 704 765 738 793
0 571 743 627 781
0 568 782 608 802
0 523 762 557 784
0 547 731 579 755
0 459 739 495 765
0 413 760 433 774
0 472 690 490 706
0 464 704 474 714
0 471 643 499 667
0 494 659 516 677
0 400 660 424 682
0 450 674 454 678
0 449 683 469 701
0 391 691 401 699
0 354 691 370 705
0 338 668 344 672
0 365 650 369 654
0 376 635 392 651
0 347 633 365 651
0 277 710 309 740
0 311 730 335 750
0 147 600 231 704
0 221 616 237 638
0 227 602 243 620
0 247 588 273 616
0 345 597 363 615
0 366 591 370 597
0 310 206 362 254
0 311 348 333 370
0 330 356 348 376
0 415 337 493 413
0 346 408 356 418
0 524 347 538 363
0 556 363 570 379
0 577 347 615 387
0 681 358 689 366
0 698 371 712 385
0 689 379 733 427
0 716 419 724 427
0 696 423 716 447
0 798 355 814 373
0 804 439 818 453
0 627 412 645 430
0 707 465 729 487
0 579 410 613 442
0 533 406 561 434
0 524 426 556 460
0 485 418 515 446
0 293 393 345 451
0 345 451 355 461
0 427 408 449 432
0 463 407 483 427
0 339 459 351 473
0 509 450 531 474
0 572 467 596 495
0 577 498 585 508
0 592 516 634 558
0 522 504 588 572
0 500 576 526 600
0 514 603 526 613
0 470 573 476 581
0 499 621 505 627
0 388 507 408 529
0 351 497 387 537
0 381 534 389 544
0 303 498 323 520
0 324 520 342 540
0 297 526 325 556
0 326 558 344 580
0 345 557 371 585
0 275 546 281 556
0 251 508 267 526
0 221 480 227 486
0 133 505 165 549
0 100 552 130 596
0 235 566 241 572
0 187 446 203 464
0 213 424 219 430
0 178 384 188 398
0 132 359 144 377
0 148 402 164 422
0 157 423 173 443
0 115 432 131 458
0 274 317 288 337
0 201 255 231 285
0 243 253 271 279
0 257 219 279 241
0 182 268 198 286
0 282 292 290 302
0 69 386 99 444
0 111 415 125 435
0 135 417 151 441
0 55 461 83 509
0 92 424 102 444
0 211 708 233 730
0 251 672 259 680
0 165 582 173 592
0 993 409 1021 467
0 957 361 985 399
0 913 340 925 350
0 933 367 949 389
0 918 378 928 392
0 987 483 1019 601
0 942 609 964 637
0 791 704 801 716
0 799 688 809 696
0 766 729 772 737
0 704 713 738 743
0 680 759 706 781
0 704 149 826 237
