0 259 287 273 301
0 441 235 475 261
0 496 237 512 251
0 689 238 719 262
0 729 221 759 247
0 859 308 877 330
0 832 334 846 354
0 853 335 861 343
0 850 346 858 358
0 872 317 940 415
0 961 414 983 456
0 728 453 742 467
0 848 430 860 446
0 926 417 936 431
0 919 430 925 436
0 935 474 951 502
0 783 377 801 409
0 800 389 822 413
0 851 401 861 413
0 870 405 876 415
0 851 423 857 431
0 797 446 821 476
0 992 486 1012 530
0 882 300 896 316
0 758 329 790 361
0 729 391 737 399
0 602 356 612 364
0 623 384 633 394
0 700 451 714 465
0 596 465 654 527
0 937 501 953 531
0 808 630 826 652
0 861 472 923 564
0 964 533 978 555
0 928 647 944 667
0 746 487 846 613
0 884 675 896 689
0 816 685 904 771
0 830 534 942 680
0 756 609 786 639
0 671 602 689 622
0 759 657 787 685
0 556 458 564 466
0 589 531 599 541
0 478 542 488 554
0 560 599 596 633
0 738 701 766 725
0 756 717 770 731
0 774 726 786 736
0 663 734 711 768
0 715 757 729 767
0 642 740 656 750
0 647 721 653 727
0 583 750 601 762
0 660 779 672 789
0 579 683 603 703
0 548 629 564 645
0 456 671 482 693
0 422 643 450 671
0 506 768 518 776
0 535 778 567 798
0 528 717 564 745
0 476 751 498 767
0 504 742 510 746
0 373 762 413 792
0 420 747 460 775
0 424 703 456 727
0 366 735 376 743
0 312 732 344 758
0 422 681 442 699
0 228 706 242 722
0 131 656 231 776
0 148 610 194 672
0 217 638 231 654
0 269 626 285 644
0 119 646 145 678
0 102 602 120 626
0 108 575 120 589
0 118 559 138 591
0 167 589 175 599
0 264 583 296 617
0 192 570 222 606
0 259 549 275 567
0 294 507 322 537
0 386 529 408 553
0 400 542 442 584
0 439 340 483 382
0 415 344 425 352
0 386 282 398 292
0 405 371 415 381
0 467 264 597 382
0 459 388 471 400
0 337 355 371 389
0 304 276 396 366
0 224 326 232 336
0 262 338 272 350
0 265 372 281 390
0 203 360 253 420
0 215 431 233 455
0 269 412 307 456
0 106 422 124 450
0 121 377 143 407
0 161 476 181 504
0 233 445 239 451
0 180 517 188 527
0 155 499 165 515
0 280 505 290 517
0 280 457 320 503
0 377 440 413 478
0 92 500 100 514
0 872 320 930 394
0 360 765 368 773
0 706 775 720 785
0 573 763 583 771
0 355 703 361 711
0 247 513 255 525
0 196 446 204 454
0 329 198 365 228
0 274 213 314 247
0 580 171 634 203
0 634 222 656 238
0 489 216 499 226
0 944 452 952 462
