0 164 295 200 341
0 114 324 142 368
0 244 305 278 341
0 265 339 279 353
0 331 278 381 322
0 383 222 419 256
0 373 315 409 349
0 421 307 427 313
0 474 279 492 293
0 498 236 516 252
0 535 306 565 328
0 504 306 534 334
0 574 249 636 301
0 589 292 641 338
0 640 289 700 349
0 661 250 675 260
0 643 205 703 251
0 697 243 771 315
0 860 269 912 329
0 907 261 961 333
0 797 290 827 320
0 752 223 790 261
0 738 315 768 343
0 812 353 830 375
0 798 369 808 383
0 782 377 802 409
0 803 388 823 410
0 872 354 920 424
0 860 326 882 354
0 925 425 943 453
0 952 471 976 513
0 771 405 933 613
0 792 578 820 608
0 874 598 888 614
0 727 542 749 566
0 753 546 769 564
0 703 528 721 550
0 731 591 741 601
0 704 607 714 617
0 795 605 851 661
0 762 630 784 652
0 787 636 795 642
0 665 612 717 662
0 717 618 723 624
0 657 593 669 603
0 610 540 654 584
0 585 550 599 566
0 631 620 639 626
0 584 615 610 641
0 602 655 624 673
0 647 660 683 690
0 684 657 732 699
0 632 691 668 719
0 724 747 758 775
0 579 722 635 760
0 578 764 612 784
0 529 741 557 761
0 553 710 585 734
0 458 717 494 743
0 406 742 426 756
0 473 670 493 684
0 465 684 475 694
0 473 621 499 647
0 498 639 520 657
0 399 640 423 662
0 451 653 455 657
0 449 663 469 681
0 388 671 398 679
0 350 670 366 684
0 313 663 319 667
0 364 630 368 634
0 375 616 391 632
0 346 612 366 632
0 265 688 297 718
0 300 708 320 726
0 141 579 225 683
0 218 596 234 618
0 225 583 241 601
0 246 569 272 597
0 345 577 363 595
0 368 573 372 579
0 313 202 365 250
0 319 337 347 365
0 418 312 504 398
0 530 336 544 352
0 561 354 575 370
0 577 337 613 373
0 680 346 688 354
0 694 360 708 374
0 688 369 732 413
0 694 408 718 432
0 796 343 812 361
0 801 425 815 439
0 627 398 645 416
0 708 450 730 472
0 580 396 614 428
0 521 399 565 441
0 487 403 511 429
0 299 381 351 437
0 350 436 360 446
0 432 394 452 414
0 464 391 484 409
0 344 444 356 458
0 513 436 533 454
0 575 453 597 477
0 579 484 587 494
0 595 500 635 542
0 526 487 592 555
0 506 557 530 579
0 519 582 531 592
0 473 554 481 562
0 503 602 509 608
0 361 480 401 522
0 382 518 390 528
0 307 483 327 505
0 327 503 345 523
0 301 508 329 540
0 325 541 345 559
0 347 539 373 567
0 277 527 285 537
0 255 491 271 509
0 226 466 232 472
0 136 486 164 530
0 100 532 124 574
0 236 548 242 554
0 191 430 205 450
0 216 411 222 417
0 182 373 192 387
0 138 346 150 364
0 153 390 169 410
0 161 408 177 428
0 119 415 135 441
0 784 571 794 581
0 715 562 737 584
0 793 615 801 623
0 743 602 749 610
0 907 330 917 340
0 913 364 925 382
0 618 587 626 595
0 697 738 717 758
0 379 770 423 800
0 336 647 342 653
0 138 403 154 429
0 114 397 130 419
0 71 370 105 430
0 64 496 92 524
0 196 243 228 285
0 244 243 278 277
0 261 217 283 233
0 56 442 86 492
0 57 532 77 558
0 950 583 972 613
0 991 398 1015 452
0 909 669 933 701
0 831 721 853 745
0 801 683 815 697
0 807 665 819 677
0 837 638 847 656
0 776 708 790 720
0 987 458 1023 580
0 694 143 812 231
0 809 210 833 232
