0 200 236 234 278
0 246 237 280 269
0 264 210 280 230
0 313 200 367 246
0 379 230 413 252
0 340 265 392 311
0 380 298 418 334
0 424 301 432 309
0 475 273 495 291
0 513 289 559 331
0 533 327 549 343
0 560 344 574 358
0 574 327 612 363
0 424 301 510 387
0 467 377 491 401
0 435 381 457 403
0 488 387 520 419
0 524 389 562 425
0 578 383 614 419
0 623 385 645 407
0 684 353 732 399
0 693 389 721 421
0 679 333 691 347
0 608 274 690 344
0 615 290 651 322
0 567 241 631 293
0 691 238 765 308
0 637 201 701 247
0 492 231 520 251
0 655 239 675 255
0 789 279 823 313
0 735 224 781 256
0 730 302 762 336
0 853 260 907 322
0 897 254 955 328
0 864 342 914 414
0 907 353 919 371
0 921 345 937 367
0 943 336 975 374
0 980 380 1016 442
0 919 410 939 442
0 947 452 973 498
0 991 439 1023 569
0 881 450 893 466
0 878 468 896 496
0 768 387 934 609
0 818 460 826 470
0 816 472 822 478
0 957 562 975 594
0 796 583 850 643
0 925 653 945 675
0 770 605 792 633
0 672 590 724 644
0 708 587 722 601
0 720 598 728 608
0 659 572 675 588
0 653 637 689 671
0 691 634 737 680
0 810 663 822 673
0 816 643 826 653
0 799 591 809 601
0 841 615 855 635
0 877 578 891 596
0 638 670 674 700
0 607 634 631 656
0 634 601 644 609
0 588 594 618 624
0 622 568 632 578
0 505 581 515 591
0 480 604 518 640
0 474 648 494 668
0 464 662 478 676
0 448 642 472 664
0 448 632 456 640
0 520 561 536 577
0 509 537 535 565
0 592 533 606 549
0 613 521 661 569
0 474 534 486 548
0 531 467 597 539
0 599 483 637 527
0 705 512 725 534
0 582 470 590 478
0 575 436 603 466
0 515 419 537 441
0 520 445 536 461
0 709 431 733 461
0 795 331 823 363
0 854 318 880 346
0 903 321 913 335
0 792 357 806 375
0 799 376 821 400
0 783 381 801 409
0 953 387 963 401
0 729 523 751 551
0 754 527 772 549
0 721 545 743 569
0 796 410 816 432
0 948 523 962 537
0 847 699 869 725
0 738 726 772 758
0 705 722 729 740
0 584 699 640 743
0 558 687 592 715
0 532 718 564 742
0 584 742 620 768
0 673 720 681 728
0 455 695 491 725
0 398 724 416 738
0 367 757 411 787
0 398 617 426 647
0 384 650 398 662
0 788 687 796 695
0 734 571 744 581
0 784 545 794 559
0 373 597 393 617
0 346 649 362 665
0 335 629 341 635
0 255 664 289 696
0 289 685 313 705
0 182 661 202 683
0 224 648 234 662
0 236 629 244 637
0 313 643 319 649
0 317 708 327 718
0 135 653 151 675
0 252 702 260 708
0 246 716 260 730
0 136 555 216 663
0 212 575 232 603
0 279 570 287 578
0 362 609 368 617
0 345 593 369 615
0 370 555 378 565
0 364 548 376 562
0 346 558 368 580
0 245 549 273 583
0 340 517 372 553
0 340 523 362 547
0 384 501 396 513
0 363 465 405 507
0 308 485 348 523
0 283 510 293 524
0 239 530 247 540
0 97 602 125 640
0 95 590 115 608
0 162 540 172 556
0 258 475 278 499
0 309 464 333 490
0 347 424 365 444
0 309 488 341 522
0 229 451 237 459
0 137 468 169 514
0 97 511 121 555
0 68 476 88 506
0 59 422 87 476
0 77 356 111 418
0 121 397 139 425
0 118 374 136 404
0 144 379 168 415
0 166 392 182 416
0 193 416 213 440
0 220 399 228 405
0 184 360 198 378
0 119 310 153 358
0 143 333 157 355
0 148 290 166 310
0 166 285 208 335
0 247 293 287 335
0 270 326 286 344
0 325 326 355 358
0 300 367 358 427
0 607 191 633 209
0 374 210 398 228
