0 588 178 636 210
0 630 235 650 253
0 662 243 672 253
0 692 246 724 274
0 734 235 764 257
0 860 255 880 271
0 860 273 876 289
0 887 317 897 327
0 859 323 877 345
0 854 354 860 360
0 831 351 847 371
0 850 363 858 373
0 872 330 944 430
0 956 426 982 474
0 924 433 936 449
0 919 448 925 454
0 941 468 953 484
0 930 491 948 521
0 930 517 950 547
0 988 508 1008 548
0 954 549 968 575
0 854 487 920 577
0 743 499 845 625
0 816 546 934 690
0 919 659 931 677
0 985 548 1013 598
0 874 683 890 699
0 807 689 897 777
0 755 663 787 691
0 753 618 783 648
0 668 613 688 633
0 732 705 764 733
0 747 722 767 738
0 767 730 781 742
0 707 758 725 772
0 700 777 716 791
0 642 744 658 758
0 644 727 654 735
0 659 738 709 774
0 657 780 675 794
0 579 752 603 768
0 572 764 588 776
0 535 778 573 800
0 523 721 565 751
0 573 689 603 713
0 503 746 511 754
0 507 770 517 778
0 473 754 501 770
0 422 749 468 779
0 374 763 420 795
0 318 734 356 766
0 366 737 384 751
0 357 708 367 718
0 421 687 445 707
0 424 706 458 734
0 450 676 482 704
0 418 651 450 681
0 543 637 563 655
0 555 609 593 645
0 232 711 250 727
0 238 730 260 754
0 196 691 210 705
0 214 644 232 662
0 266 631 286 653
0 261 589 295 625
0 191 579 225 619
0 168 600 178 610
0 119 650 247 790
0 150 618 198 678
0 109 621 127 639
0 71 594 99 632
0 111 587 125 603
0 122 570 144 606
0 258 557 274 577
0 395 550 439 594
0 470 554 484 568
0 586 546 596 556
0 381 537 405 565
0 290 515 318 547
0 278 513 290 529
0 245 522 255 536
0 607 563 611 569
0 648 548 652 554
0 590 481 652 543
0 696 467 710 483
0 725 468 739 484
0 793 460 821 492
0 846 446 860 462
0 850 441 856 447
0 869 423 877 431
0 849 419 859 433
0 799 405 821 429
0 781 378 803 410
0 765 408 779 422
0 757 343 791 377
0 725 406 735 418
0 621 399 633 413
0 604 373 612 381
0 501 244 519 260
0 482 228 492 236
0 440 243 474 271
0 450 278 594 404
0 491 421 499 431
0 453 397 469 411
0 416 364 430 376
0 404 384 418 398
0 313 287 407 379
0 333 364 371 400
0 385 291 401 305
0 370 450 408 492
0 276 466 318 514
0 268 423 308 469
0 263 383 279 401
0 197 455 205 465
0 213 440 235 468
0 160 485 184 517
0 154 509 170 529
0 180 527 188 539
0 105 435 123 465
0 118 386 140 424
0 202 369 254 431
0 199 413 207 421
0 263 346 279 364
0 221 338 235 352
0 256 302 270 316
0 268 230 302 260
0 318 213 354 241
0 334 185 370 215
0 194 252 216 272
0 239 219 257 235
0 150 268 178 300
0 154 294 174 314
0 163 309 175 325
0 127 319 141 335
