0 201 233 241 273
0 246 234 284 270
0 263 209 285 229
0 313 200 367 246
0 375 227 409 249
0 345 261 399 309
0 380 296 418 342
0 424 301 432 309
0 478 268 500 286
0 514 284 560 326
0 531 320 553 338
0 560 336 574 350
0 573 318 611 354
0 429 294 515 380
0 469 366 493 390
0 439 372 461 394
0 489 374 521 406
0 516 382 566 428
0 576 371 614 407
0 621 372 643 394
0 685 343 733 391
0 680 325 690 337
0 604 267 686 337
0 613 284 649 316
0 567 239 631 289
0 685 233 765 303
0 632 199 696 245
0 493 225 527 247
0 650 235 674 251
0 783 271 819 307
0 724 221 770 253
0 725 296 761 332
0 844 253 900 317
0 885 248 943 318
0 861 333 911 401
0 898 344 914 362
0 916 337 932 359
0 935 326 967 364
0 982 371 1012 431
0 915 398 935 430
0 945 437 971 483
0 988 423 1020 553
0 766 372 932 588
0 959 541 977 573
0 788 561 850 627
0 934 630 954 652
0 678 571 730 629
0 666 557 680 571
0 663 618 699 652
0 696 616 742 662
0 646 650 682 682
0 613 617 637 639
0 640 584 650 592
0 593 578 623 608
0 622 568 632 578
0 506 562 520 576
0 482 586 520 622
0 476 630 496 650
0 464 643 478 657
0 451 622 475 644
0 449 615 457 623
0 521 545 539 561
0 513 521 539 549
0 598 521 610 537
0 618 505 666 553
0 479 519 491 531
0 546 454 630 528
0 579 420 607 450
0 525 433 541 447
0 706 414 738 446
0 790 320 818 352
0 850 310 876 338
0 896 314 906 328
0 792 349 806 367
0 799 366 821 390
0 783 381 801 409
0 949 376 959 390
0 729 506 751 534
0 722 529 744 553
0 948 503 962 517
0 861 679 883 705
0 749 710 783 742
0 716 707 740 725
0 590 681 646 725
0 564 669 598 697
0 539 699 571 723
0 590 725 624 753
0 682 701 690 709
0 456 676 492 706
0 390 709 408 723
0 356 744 400 774
0 399 601 427 631
0 384 633 398 645
0 736 553 746 563
0 374 579 392 597
0 346 631 362 647
0 336 612 342 618
0 250 644 284 676
0 283 666 305 686
0 173 639 191 659
0 216 625 230 643
0 231 607 239 617
0 312 626 318 632
0 309 689 319 699
0 107 629 137 667
0 241 681 253 691
0 235 694 249 704
0 136 538 214 642
0 211 559 229 583
0 280 553 286 561
0 362 609 368 617
0 346 575 370 599
0 370 535 380 545
0 349 542 371 564
0 247 533 275 567
0 344 502 376 538
0 387 484 401 498
0 367 453 409 495
0 312 473 348 509
0 286 494 300 510
0 244 514 252 524
0 79 593 107 631
0 93 578 115 612
0 165 523 175 539
0 262 461 284 485
0 316 453 340 479
0 353 414 371 434
0 234 437 240 445
0 141 453 173 499
0 97 493 121 535
0 72 458 92 488
0 65 401 93 453
0 86 343 114 399
0 127 383 145 411
0 125 359 143 389
0 152 368 172 402
0 172 381 188 405
0 199 400 219 428
0 225 387 233 397
0 188 349 204 371
0 125 303 159 351
0 155 282 173 302
0 174 278 216 328
0 247 293 287 335
0 270 326 286 344
0 325 326 355 358
0 306 357 364 417
0 683 340 735 404
0 581 452 591 462
0 704 494 726 518
0 878 437 888 451
0 873 455 891 479
0 816 445 824 455
0 815 456 821 464
0 753 509 771 529
0 729 581 737 591
0 841 595 859 617
0 820 623 834 637
0 816 642 830 658
0 877 557 897 581
0 802 565 816 577
0 795 670 803 678
0 163 647 177 661
0 226 549 244 573
0 624 548 638 566
0 56 489 76 517
0 294 272 310 288
0 65 274 109 360
0 136 663 156 687
0 198 679 206 689
0 186 684 204 702
0 970 581 988 599
0 908 628 922 644
