0 199 226 247 270
0 251 228 289 264
0 263 209 285 229
0 319 198 373 244
0 367 218 405 246
0 353 256 407 304
0 387 284 427 320
0 429 290 437 298
0 475 261 501 279
0 502 276 552 318
0 529 311 549 331
0 569 312 609 350
0 430 286 516 372
0 477 357 505 381
0 447 361 465 381
0 498 357 558 413
0 578 360 614 398
0 622 359 646 383
0 682 332 730 378
0 670 307 680 319
0 573 235 673 323
0 590 273 634 311
0 683 230 761 296
0 626 201 688 239
0 492 218 526 244
0 778 263 814 299
0 717 219 763 251
0 719 288 751 322
0 837 248 893 308
0 878 241 936 311
0 854 322 904 390
0 891 335 907 351
0 909 327 923 349
0 936 318 958 350
0 973 356 1001 406
0 909 385 929 417
0 942 422 966 466
0 987 404 1019 534
0 764 358 930 570
0 960 518 978 550
0 788 541 850 607
0 943 608 963 630
0 682 546 738 606
0 668 535 682 549
0 678 590 738 646
0 649 629 687 663
0 622 595 650 619
0 645 563 657 575
0 601 558 633 590
0 487 566 525 604
0 476 608 498 630
0 467 620 481 636
0 453 602 475 624
0 453 595 461 603
0 513 544 529 558
0 518 504 548 534
0 603 503 619 519
0 622 486 670 534
0 486 504 498 516
0 555 437 633 511
0 577 402 611 436
0 532 417 550 433
0 707 397 737 427
0 787 312 815 344
0 843 300 869 328
0 889 308 899 322
0 786 337 800 355
0 794 354 818 378
0 784 382 800 406
0 939 362 949 380
0 731 487 755 515
0 726 509 748 533
0 945 482 959 496
0 871 656 893 682
0 762 691 796 723
0 726 687 752 709
0 594 656 652 706
0 566 647 604 677
0 544 674 578 704
0 594 705 634 737
0 692 679 702 689
0 456 651 492 683
0 382 688 400 706
0 343 727 383 757
0 400 581 430 611
0 383 609 397 625
0 736 526 756 548
0 375 561 397 581
0 344 611 362 629
0 244 620 276 654
0 275 641 297 665
0 167 615 185 635
0 216 625 230 643
0 225 584 233 598
0 312 607 318 613
0 300 669 312 679
0 113 627 135 655
0 236 657 246 669
0 224 670 236 680
0 134 514 216 624
0 209 537 229 569
0 282 536 288 544
0 336 591 344 599
0 348 555 372 581
0 371 514 385 528
0 352 522 374 546
0 247 515 279 553
0 349 485 383 519
0 368 437 414 485
0 315 458 353 498
0 290 479 306 499
0 244 514 252 524
0 94 598 122 636
0 86 554 108 588
0 165 505 179 523
0 266 444 296 474
0 320 437 348 467
0 357 401 377 421
0 144 434 176 484
0 97 470 125 518
0 74 438 94 468
0 69 382 97 434
0 90 330 126 384
0 128 345 148 379
0 141 354 171 400
0 174 366 190 390
0 202 385 226 417
0 230 375 238 385
0 195 340 211 362
0 137 293 171 341
0 182 270 224 320
0 251 279 293 321
0 277 308 295 328
0 332 308 368 344
0 310 345 370 407
0 680 328 732 388
0 587 435 597 445
0 708 476 730 500
0 872 420 886 436
0 870 437 890 465
0 814 429 822 439
0 813 442 819 450
0 756 489 774 509
0 842 575 860 597
0 823 602 837 616
0 821 621 835 637
0 877 538 895 562
0 801 650 809 658
0 157 619 167 635
0 228 533 246 557
0 632 530 646 544
0 57 469 77 497
0 300 267 316 283
0 509 363 557 411
0 691 593 737 643
0 530 524 548 544
0 240 424 248 434
0 504 346 514 356
0 247 497 257 509
0 84 540 100 562
0 211 603 223 619
0 183 651 195 663
0 175 660 187 674
0 173 693 195 719
0 581 181 621 211
0 66 270 124 358
