0 593 185 641 217
0 628 248 648 266
0 662 242 672 252
0 698 256 728 284
0 746 245 776 267
0 868 260 886 282
0 865 285 881 299
0 892 331 902 341
0 859 339 877 361
0 854 371 860 377
0 831 368 847 388
0 851 381 859 391
0 872 344 944 444
0 954 437 980 485
0 920 450 932 466
0 912 464 920 474
0 936 480 944 494
0 923 502 941 532
0 932 522 952 552
0 987 519 1007 559
0 955 560 969 586
0 847 519 927 589
0 727 512 833 630
0 811 502 935 698
0 903 666 921 686
0 981 560 1009 610
0 863 685 881 707
0 799 693 889 781
0 755 668 787 696
0 751 624 781 654
0 662 623 684 645
0 729 710 761 738
0 741 721 761 737
0 761 730 777 746
0 705 760 723 774
0 698 778 714 792
0 640 748 658 762
0 640 732 654 742
0 659 742 709 778
0 655 782 673 796
0 578 757 602 773
0 570 769 586 781
0 535 778 573 800
0 522 728 564 758
0 572 697 602 721
0 501 749 515 759
0 506 769 520 783
0 474 756 504 774
0 427 752 473 782
0 381 764 427 796
0 324 737 362 769
0 370 740 388 756
0 359 713 369 723
0 421 687 445 707
0 424 706 458 734
0 450 676 482 704
0 415 659 449 687
0 539 646 559 666
0 551 620 589 656
0 237 716 255 732
0 244 734 264 758
0 205 696 219 710
0 214 644 232 662
0 261 632 285 660
0 260 596 294 632
0 191 585 225 627
0 171 606 179 620
0 127 651 255 791
0 150 618 198 678
0 114 626 136 656
0 81 613 109 651
0 115 597 129 613
0 127 580 149 616
0 255 563 273 585
0 390 558 434 602
0 462 561 478 577
0 575 554 587 568
0 375 546 399 572
0 284 521 314 555
0 274 519 288 535
0 243 528 255 546
0 607 563 611 569
0 581 489 645 555
0 692 478 708 494
0 722 478 736 494
0 797 476 825 508
0 848 469 862 485
0 852 463 858 471
0 870 443 878 453
0 852 440 864 456
0 802 421 824 447
0 781 378 803 410
0 769 423 781 439
0 759 357 793 391
0 727 422 737 434
0 619 413 631 427
0 601 385 611 395
0 506 252 524 268
0 473 237 483 245
0 438 251 472 279
0 450 290 592 424
0 483 432 491 442
0 446 405 466 421
0 417 377 429 391
0 400 396 412 410
0 320 295 418 389
0 333 372 371 408
0 388 299 404 313
0 364 459 402 501
0 273 474 315 522
0 267 430 307 476
0 263 391 279 409
0 197 462 205 472
0 212 447 234 475
0 160 495 184 527
0 155 518 171 538
0 180 533 188 547
0 106 445 124 475
0 118 398 140 436
0 202 378 254 440
0 200 422 208 430
0 268 357 284 375
0 219 349 233 363
0 253 315 267 331
0 261 243 295 273
0 305 226 341 254
0 314 195 350 225
0 183 263 205 283
0 224 232 242 248
0 141 279 169 311
0 148 306 168 326
0 157 321 169 337
0 121 335 135 351
0 709 782 757 802
0 729 521 827 629
0 813 559 933 687
0 921 248 959 296
0 968 306 1002 352
0 91 518 109 546
0 61 515 81 541
0 46 462 70 496
0 81 482 95 504
0 70 409 92 439
0 88 380 110 418
0 127 386 143 404
0 157 451 165 459
0 54 398 72 428
0 46 369 74 405
