0 207 221 255 265
0 250 223 292 265
0 262 204 284 224
0 316 197 370 243
0 361 211 403 245
0 363 253 431 309
0 478 253 504 271
0 482 274 540 318
0 573 304 615 342
0 438 280 526 366
0 447 349 469 369
0 489 339 551 397
0 578 351 616 387
0 621 348 645 372
0 678 316 730 368
0 670 296 680 308
0 569 231 669 319
0 587 269 631 307
0 676 212 760 288
0 610 191 676 237
0 488 211 522 239
0 778 257 812 295
0 711 275 749 309
0 827 241 883 301
0 869 235 927 305
0 849 313 901 381
0 928 308 956 344
0 964 341 1000 403
0 933 405 961 451
0 979 382 1017 530
0 761 342 927 554
0 960 494 980 530
0 792 520 854 588
0 949 583 961 605
0 675 530 747 620
0 656 607 694 643
0 622 573 650 603
0 604 538 636 570
0 491 544 529 582
0 466 603 484 619
0 461 578 493 610
0 454 575 462 583
0 513 544 529 558
0 522 490 560 522
0 627 467 675 517
0 492 484 506 500
0 553 420 637 496
0 579 387 615 423
0 540 401 558 417
0 706 381 738 415
0 780 303 814 341
0 840 295 866 323
0 883 300 893 314
0 789 341 813 367
0 731 469 755 497
0 724 491 748 515
0 881 639 901 663
0 772 673 806 705
0 735 668 761 690
0 598 634 656 684
0 570 626 608 656
0 550 654 586 684
0 602 685 642 717
0 699 655 709 665
0 455 627 493 661
0 374 670 394 688
0 343 727 383 757
0 402 561 432 593
0 381 589 397 605
0 377 540 399 564
0 344 589 360 609
0 244 599 286 643
0 161 589 177 611
0 229 638 237 646
0 226 565 232 581
0 310 585 318 593
0 288 643 304 659
0 102 596 124 624
0 218 647 226 657
0 138 494 220 604
0 221 520 239 544
0 281 519 289 529
0 338 572 346 580
0 349 534 375 562
0 355 504 379 530
0 247 500 277 538
0 353 471 389 507
0 375 424 421 474
0 295 466 313 486
0 85 561 111 609
0 167 483 181 501
0 270 432 300 462
0 318 427 362 479
0 363 389 383 409
0 150 417 184 467
0 101 450 129 498
0 79 416 99 450
0 77 368 107 418
0 97 316 135 372
0 135 333 159 369
0 150 339 188 387
0 207 370 237 406
0 236 366 244 374
0 201 331 219 353
0 145 285 179 329
0 188 263 230 309
0 256 271 302 315
0 335 301 373 337
0 315 336 375 396
0 590 419 600 431
0 710 457 734 485
0 755 471 775 493
0 845 554 863 578
0 825 600 839 616
0 877 517 895 545
0 807 628 817 638
0 149 594 161 608
0 62 448 80 478
0 301 262 321 280
0 517 522 539 540
0 246 410 256 422
0 252 485 262 495
0 87 520 105 534
0 209 583 221 599
0 171 623 181 637
0 157 633 171 647
0 363 255 403 307
0 419 287 429 295
0 538 299 562 321
0 901 306 911 318
0 903 315 921 341
0 885 323 901 345
0 931 347 949 369
0 837 364 845 374
0 780 376 808 416
0 813 417 819 425
0 811 426 817 436
0 870 403 882 419
0 868 422 888 448
0 901 374 925 406
0 938 373 962 411
0 939 458 953 480
0 827 578 841 596
0 737 678 745 686
0 652 541 662 555
0 673 517 691 535
0 636 509 654 527
0 610 484 626 500
0 283 299 305 317
0 86 525 108 561
0 63 539 85 575
0 111 569 129 593
0 245 601 277 637
0 209 648 215 656
0 141 664 167 686
0 568 178 606 204
