0 597 192 645 224
0 623 261 643 277
0 662 242 672 252
0 709 268 735 292
0 758 253 788 275
0 878 268 894 290
0 873 294 889 308
0 895 339 905 349
0 861 347 879 369
0 854 384 860 390
0 832 381 848 401
0 851 395 859 405
0 873 351 945 451
0 952 448 978 496
0 919 461 931 477
0 912 473 920 483
0 934 491 942 505
0 920 513 938 543
0 927 532 947 562
0 984 529 1004 569
0 950 570 964 596
0 723 522 829 640
0 893 673 911 693
0 973 570 1001 620
0 791 693 881 781
0 751 674 781 702
0 748 632 778 662
0 660 631 682 653
0 726 714 762 746
0 759 737 771 747
0 698 764 718 778
0 690 778 712 792
0 640 752 658 768
0 636 735 652 749
0 654 745 704 781
0 652 784 670 798
0 575 758 601 776
0 564 769 582 783
0 535 785 573 801
0 520 733 562 763
0 567 701 599 729
0 500 754 514 764
0 505 773 521 785
0 473 760 505 780
0 427 754 473 786
0 385 766 431 798
0 327 740 365 772
0 372 743 390 759
0 360 718 374 728
0 421 698 445 720
0 420 715 460 745
0 444 689 478 717
0 413 665 449 697
0 532 652 556 674
0 546 628 584 664
0 241 719 259 735
0 202 698 216 712
0 212 653 230 671
0 262 638 286 666
0 258 602 292 638
0 192 591 226 633
0 172 615 182 627
0 131 657 265 795
0 153 629 201 689
0 121 634 143 664
0 87 619 117 665
0 119 606 133 622
0 129 587 151 623
0 255 563 273 585
0 386 566 430 610
0 456 572 472 588
0 574 565 586 579
0 370 555 398 583
0 281 527 313 563
0 272 526 286 542
0 240 535 256 553
0 607 563 611 569
0 578 504 640 568
0 689 492 705 508
0 719 492 733 508
0 795 488 823 520
0 847 480 861 496
0 849 473 857 483
0 869 454 877 464
0 851 453 863 469
0 801 433 823 459
0 767 436 779 452
0 761 369 795 403
0 725 434 735 446
0 616 428 630 442
0 599 396 613 412
0 510 260 528 276
0 463 247 473 257
0 434 261 468 289
0 454 302 596 436
0 479 445 487 455
0 446 419 466 435
0 418 394 430 408
0 394 410 410 426
0 327 304 429 394
0 355 468 397 510
0 269 481 311 529
0 268 438 308 484
0 264 400 280 418
0 197 471 205 481
0 212 455 234 483
0 161 503 185 535
0 156 526 172 546
0 180 542 190 554
0 106 454 124 484
0 115 407 137 445
0 203 388 255 450
0 266 366 288 386
0 217 360 231 374
0 249 328 265 344
0 248 256 282 286
0 290 237 326 265
0 300 207 336 237
0 177 277 193 293
0 224 232 242 248
0 136 291 164 323
0 143 317 163 337
0 151 332 163 348
0 115 343 129 359
0 921 248 959 296
0 968 306 1002 352
0 95 527 113 555
0 61 524 81 550
0 45 472 69 506
0 81 490 95 512
0 67 417 89 447
0 85 389 107 427
0 127 395 143 413
0 53 406 71 436
0 46 379 74 415
0 379 353 387 363
0 328 302 430 412
0 448 208 460 218
0 877 358 933 434
0 724 531 824 637
0 842 525 922 595
0 805 563 929 695
0 804 508 930 704
0 919 665 943 701
0 1000 417 1020 447
