0 209 214 257 260
0 251 218 293 260
0 265 198 293 222
0 314 194 390 250
0 370 249 438 305
0 477 248 509 272
0 483 268 545 312
0 579 294 621 334
0 455 282 543 368
0 455 278 559 388
0 579 340 625 382
0 623 337 651 367
0 679 307 731 359
0 666 285 680 299
0 565 227 667 311
0 587 263 631 301
0 667 208 751 284
0 598 190 668 236
0 478 204 524 236
0 769 247 807 291
0 709 270 747 304
0 818 237 874 297
0 859 231 917 301
0 842 306 894 374
0 922 302 950 338
0 960 331 996 393
0 927 389 955 437
0 972 373 1018 517
0 759 331 927 539
0 957 476 977 512
0 790 503 850 573
0 949 560 965 584
0 678 511 750 601
0 662 588 700 624
0 628 554 656 584
0 608 518 642 552
0 494 525 536 567
0 466 560 500 594
0 460 557 470 567
0 628 447 678 503
0 498 465 512 487
0 557 404 641 480
0 579 372 615 408
0 544 383 564 403
0 707 367 743 403
0 778 292 814 334
0 832 288 862 318
0 877 295 887 309
0 787 331 813 359
0 732 454 756 482
0 723 474 747 498
0 887 618 907 646
0 778 658 812 690
0 744 652 768 674
0 582 604 654 666
0 552 638 588 670
0 610 667 650 701
0 705 636 717 648
0 460 604 498 640
0 371 655 391 673
0 314 693 354 727
0 404 543 440 577
0 385 571 403 589
0 381 523 405 549
0 344 573 364 593
0 244 581 286 625
0 160 563 176 589
0 227 619 235 627
0 225 547 235 563
0 313 570 321 578
0 285 626 299 640
0 95 566 115 594
0 215 627 223 637
0 140 474 222 584
0 222 506 240 530
0 285 505 293 515
0 342 556 352 566
0 353 517 381 547
0 361 487 389 515
0 249 486 281 524
0 361 457 397 493
0 380 413 428 463
0 302 454 320 474
0 78 531 104 579
0 174 466 188 484
0 276 420 308 454
0 324 417 370 469
0 367 379 387 399
0 158 401 192 451
0 108 432 136 480
0 87 395 107 429
0 85 348 115 398
0 107 302 145 358
0 139 319 169 357
0 156 327 194 375
0 214 358 246 396
0 242 358 250 366
0 208 322 226 344
0 152 273 188 319
0 196 257 238 303
0 256 265 302 309
0 342 294 380 330
0 318 327 380 387
0 592 404 606 416
0 711 440 739 470
0 755 460 775 482
0 844 534 864 562
0 826 560 840 576
0 811 611 821 621
0 149 569 159 587
0 67 427 85 457
0 303 261 325 281
0 527 507 549 525
0 253 400 263 410
0 259 473 269 483
0 91 496 103 510
0 207 560 219 580
0 168 599 178 613
0 149 607 163 621
0 425 276 435 288
0 893 299 903 311
0 895 306 913 332
0 921 338 939 360
0 833 350 841 360
0 780 376 808 416
0 808 413 814 421
0 810 403 816 413
0 867 389 879 405
0 863 406 885 434
0 896 362 920 396
0 932 359 956 397
0 936 440 950 462
0 826 581 842 599
0 745 662 753 670
0 654 522 668 538
0 675 499 695 521
0 640 491 660 513
0 615 465 631 483
0 86 503 108 537
0 62 510 84 546
0 107 541 123 569
0 245 582 279 620
0 206 625 212 633
0 120 633 146 655
0 552 174 590 200
0 370 251 410 291
0 316 178 358 206
0 289 291 313 311
0 851 314 893 370
0 433 337 455 359
0 469 572 491 592
0 878 314 892 332
0 964 451 974 465
0 927 527 945 559
0 922 565 932 581
0 880 526 886 536
0 884 563 894 575
0 957 532 971 556
0 978 517 992 537
0 983 534 997 554
0 584 142 748 216
