0 215 210 263 256
0 254 216 296 258
0 264 198 292 222
0 314 195 390 251
0 373 243 443 301
0 477 242 511 268
0 484 263 546 307
0 581 291 623 331
0 455 273 561 377
0 583 340 633 380
0 678 297 736 349
0 664 277 680 293
0 562 224 664 308
0 587 263 631 301
0 659 205 749 277
0 590 187 658 233
0 466 187 524 235
0 762 239 800 283
0 706 263 750 299
0 807 234 867 292
0 849 226 913 298
0 830 283 892 361
0 931 313 951 343
0 949 270 1009 386
0 924 374 952 422
0 964 367 1014 515
0 759 316 927 528
0 949 462 971 500
0 787 483 847 553
0 945 546 961 570
0 680 493 752 583
0 666 569 704 605
0 630 536 660 566
0 614 501 648 535
0 500 508 544 550
0 469 541 503 577
0 632 436 682 492
0 563 386 649 466
0 547 372 569 392
0 709 354 749 392
0 778 292 814 334
0 783 322 813 350
0 724 454 748 482
0 885 602 903 632
0 779 643 813 675
0 747 637 771 659
0 583 585 655 647
0 556 621 592 653
0 616 648 658 684
0 708 618 720 630
0 461 583 501 621
0 369 640 387 660
0 303 676 341 712
0 406 525 444 561
0 387 553 405 571
0 344 555 366 577
0 241 560 283 604
0 225 598 233 610
0 225 524 239 542
0 316 554 324 562
0 278 606 294 622
0 91 536 111 564
0 214 606 222 616
0 145 456 225 570
0 224 487 242 515
0 288 489 298 501
0 368 501 406 537
0 366 472 394 502
0 253 472 287 510
0 385 401 433 451
0 310 441 328 461
0 79 501 105 549
0 179 451 195 473
0 284 408 316 442
0 329 406 377 456
0 374 368 396 390
0 164 387 200 439
0 110 411 142 461
0 90 377 120 415
0 93 331 129 383
0 115 289 157 343
0 149 307 177 341
0 160 317 204 365
0 219 349 253 385
0 249 347 259 359
0 213 315 233 337
0 157 264 197 312
0 199 250 243 296
0 262 262 312 310
0 346 287 388 325
0 324 318 386 378
0 719 425 755 463
0 755 443 775 465
0 842 515 862 543
0 822 538 840 558
0 810 591 820 607
0 149 548 159 566
0 75 411 93 431
0 309 255 331 275
0 257 387 273 403
0 264 457 278 475
0 143 582 157 596
0 882 293 896 311
0 897 307 917 337
0 923 335 941 357
0 820 353 828 363
0 780 376 808 416
0 812 398 818 406
0 810 388 816 398
0 867 374 879 390
0 867 391 889 419
0 934 422 948 444
0 821 560 839 582
0 656 504 672 520
0 677 485 697 505
0 640 491 660 513
0 621 446 637 464
0 90 474 110 510
0 61 485 83 521
0 107 516 123 544
0 206 604 212 612
0 540 174 578 200
0 303 182 345 210
0 438 328 460 350
0 921 515 939 547
0 918 553 928 567
0 880 526 886 536
0 879 548 889 560
0 951 518 965 542
0 975 508 989 528
0 980 525 994 545
0 427 267 441 285
0 843 304 891 360
0 729 433 753 461
0 738 470 762 498
0 985 539 1003 571
0 995 505 1015 539
0 749 646 759 656
0 578 338 638 398
0 602 386 616 400
0 620 327 650 357
0 507 455 525 471
0 541 451 577 495
0 463 539 473 551
0 343 539 357 549
0 369 441 409 479
0 162 571 172 585
0 106 597 124 617
0 93 477 107 497
0 133 503 143 517
0 456 273 548 361
0 83 228 161 336
0 594 134 726 218
