0 605 198 653 230
0 621 269 643 287
0 662 242 672 252
0 716 273 744 297
0 765 258 795 280
0 880 269 896 291
0 881 296 895 314
0 895 339 905 349
0 861 347 879 369
0 854 384 860 390
0 831 389 847 409
0 851 395 859 405
0 873 357 945 457
0 950 453 976 501
0 915 468 927 484
0 910 483 918 493
0 931 501 939 515
0 915 520 935 550
0 924 540 944 570
0 978 539 998 579
0 942 577 958 605
0 718 530 824 648
0 888 681 906 701
0 964 580 992 632
0 784 695 878 783
0 751 674 781 702
0 746 636 776 666
0 656 638 678 660
0 726 714 762 746
0 759 737 771 747
0 695 763 715 777
0 688 779 710 793
0 636 735 652 749
0 645 745 697 783
0 651 785 669 799
0 562 762 594 784
0 535 785 573 801
0 516 737 560 769
0 564 706 596 734
0 495 758 509 768
0 505 773 521 785
0 437 755 483 787
0 386 765 432 797
0 329 741 367 773
0 374 745 392 761
0 360 721 374 731
0 421 702 445 724
0 420 717 460 747
0 444 692 476 722
0 411 669 447 699
0 532 652 556 674
0 546 628 584 664
0 240 721 258 737
0 210 654 230 674
0 260 641 284 669
0 252 604 290 644
0 191 596 227 638
0 173 621 183 633
0 131 661 267 795
0 155 635 201 691
0 124 639 146 669
0 93 623 123 669
0 119 606 133 622
0 131 595 153 631
0 250 575 270 597
0 371 561 419 611
0 453 579 469 595
0 569 573 581 587
0 276 530 308 566
0 277 535 291 551
0 238 538 256 558
0 574 512 638 576
0 684 498 702 518
0 715 499 731 517
0 791 495 819 529
0 844 485 858 505
0 869 462 877 472
0 850 462 862 478
0 800 441 822 467
0 767 445 779 461
0 761 377 795 411
0 724 444 734 456
0 612 439 626 453
0 598 408 612 424
0 513 264 531 280
0 453 254 463 264
0 429 266 465 298
0 454 312 596 446
0 476 452 484 462
0 444 427 464 443
0 418 403 430 417
0 392 418 408 434
0 350 475 392 517
0 266 486 308 534
0 266 444 306 490
0 264 405 280 423
0 197 476 205 486
0 210 459 236 491
0 156 508 186 550
0 179 549 189 561
0 106 459 126 493
0 115 415 137 453
0 204 395 256 457
0 269 372 287 392
0 216 368 230 382
0 246 337 262 353
0 240 266 274 296
0 283 246 317 276
0 292 217 324 243
0 167 286 183 302
0 205 252 223 268
0 127 298 155 330
0 136 324 156 344
0 146 340 158 356
0 113 350 127 366
0 915 243 953 291
0 968 306 1002 352
0 97 532 115 560
0 63 531 83 557
0 45 475 69 509
0 81 494 95 516
0 68 426 90 456
0 85 397 107 435
0 127 403 143 421
0 53 414 71 444
0 46 385 74 421
0 334 308 430 418
0 436 215 448 225
0 879 362 935 438
0 720 538 820 644
0 839 531 919 601
0 800 567 924 699
0 798 512 924 708
0 912 670 938 704
0 999 425 1019 455
0 529 503 547 521
0 465 312 593 438
0 378 370 388 382
0 334 311 432 405
0 376 568 420 610
