0 219 199 297 267
0 253 194 281 218
0 321 191 397 247
0 374 238 444 296
0 478 237 514 263
0 484 257 546 301
0 576 282 622 322
0 458 264 564 368
0 582 330 634 376
0 672 286 730 338
0 652 273 668 289
0 556 214 658 298
0 652 204 746 290
0 463 187 521 235
0 760 236 798 274
0 792 209 884 297
0 805 276 875 360
0 935 260 1031 480
0 919 377 949 425
0 751 311 925 543
0 682 481 754 571
0 668 554 710 592
0 633 521 663 551
0 616 487 650 523
0 505 494 549 536
0 474 525 510 561
0 625 424 681 478
0 566 375 650 453
0 551 358 575 380
0 707 338 749 382
0 756 277 798 319
0 773 318 805 352
0 785 623 821 661
0 757 620 781 642
0 591 571 655 631
0 562 606 600 640
0 625 627 667 665
0 465 564 509 604
0 368 627 390 645
0 293 661 335 697
0 410 508 448 546
0 389 536 409 556
0 348 538 370 562
0 242 541 284 587
0 226 580 238 594
0 227 510 241 528
0 318 538 326 546
0 276 586 294 606
0 213 588 221 598
0 148 437 236 551
0 292 477 302 489
0 374 487 410 523
0 371 458 401 490
0 255 459 291 501
0 392 390 442 442
0 318 431 336 451
0 84 472 110 520
0 190 433 206 455
0 291 396 327 434
0 337 398 385 448
0 381 359 405 381
0 174 373 212 423
0 118 395 154 445
0 103 362 133 400
0 91 325 133 375
0 124 278 166 332
0 153 299 181 333
0 167 308 211 356
0 227 336 265 378
0 252 342 264 356
0 219 309 241 333
0 163 255 203 303
0 202 253 246 299
0 271 247 329 301
0 351 281 395 319
0 331 311 393 371
0 822 535 840 555
0 154 532 164 546
0 83 398 101 418
0 268 377 284 393
0 274 444 290 464
0 137 556 151 576
0 903 292 923 322
0 901 329 921 353
0 820 353 828 363
0 780 376 808 416
0 806 404 812 412
0 807 392 813 402
0 856 372 870 388
0 860 389 880 417
0 934 417 952 441
0 811 568 825 584
0 671 472 691 492
0 97 455 117 491
0 61 460 83 496
0 96 504 112 532
0 207 587 213 595
0 292 180 334 208
0 440 321 462 343
0 922 531 932 545
0 880 526 886 536
0 879 534 889 546
0 949 518 965 544
0 428 264 444 278
0 995 487 1021 545
0 578 327 640 387
0 606 374 616 388
0 620 327 650 357
0 515 442 531 458
0 541 438 583 480
0 467 523 477 535
0 349 524 363 534
0 374 429 414 467
0 162 551 170 565
0 93 560 111 584
0 115 494 131 514
0 93 224 169 318
0 569 141 701 225
0 567 167 645 221
0 459 266 549 354
0 57 392 83 434
0 652 204 744 278
0 577 274 585 284
0 578 248 628 286
0 822 297 876 353
0 860 296 874 310
0 872 300 896 332
0 908 341 942 391
0 957 431 983 473
0 972 413 984 431
0 978 470 990 490
0 994 473 1010 499
0 984 489 992 507
0 835 492 867 522
0 820 505 840 529
0 751 315 923 519
0 912 409 920 423
0 713 405 753 447
0 708 437 736 465
0 929 492 949 524
0 959 488 973 514
0 983 511 999 535
0 773 531 797 559
0 718 455 750 485
0 887 583 909 613
0 656 492 672 508
0 714 600 728 614
0 759 626 769 638
