0 201 206 295 286
0 253 201 277 217
0 317 183 401 245
0 376 231 446 289
0 476 230 514 260
0 576 278 618 314
0 673 272 731 324
0 556 214 658 298
0 644 206 738 272
0 755 231 793 269
0 789 206 881 294
0 803 274 869 350
0 928 258 1032 474
0 679 465 751 555
0 670 535 710 577
0 634 504 668 538
0 618 470 652 506
0 508 490 558 520
0 479 508 515 544
0 627 409 683 463
0 568 359 652 437
0 554 342 582 366
0 699 320 745 362
0 754 266 796 308
0 787 610 821 646
0 756 604 784 628
0 591 551 655 615
0 565 591 603 625
0 630 606 672 646
0 471 545 515 585
0 369 612 393 634
0 282 641 324 683
0 413 489 455 531
0 392 515 414 541
0 351 522 373 546
0 244 519 286 567
0 227 560 239 576
0 322 523 332 533
0 275 568 293 588
0 208 564 220 580
0 153 413 243 533
0 300 463 310 475
0 381 471 417 507
0 379 443 409 475
0 266 445 302 487
0 397 379 447 431
0 327 418 345 440
0 89 449 119 501
0 300 384 340 426
0 345 386 393 436
0 387 349 411 371
0 186 360 224 410
0 126 374 168 430
0 107 342 139 386
0 172 285 222 347
0 237 326 279 372
0 260 331 276 347
0 226 297 254 325
0 273 242 331 296
0 355 272 399 310
0 337 302 399 362
0 157 506 167 522
0 92 372 110 394
0 278 365 294 383
0 284 433 302 451
0 138 530 152 550
0 904 298 924 328
0 901 337 923 365
0 780 376 808 416
0 842 362 852 376
0 839 381 861 403
0 919 396 937 420
0 812 551 826 569
0 668 458 690 478
0 108 430 128 464
0 65 430 89 474
0 292 180 334 208
0 919 518 927 530
0 873 517 887 533
0 946 502 962 528
0 994 473 1020 531
0 580 318 640 376
0 612 304 646 334
0 521 428 539 446
0 546 426 588 464
0 472 507 482 519
0 355 507 367 521
0 165 528 173 540
0 89 526 107 550
0 124 470 142 496
0 95 225 165 307
0 543 141 675 225
0 545 163 631 221
0 67 368 93 410
0 575 270 583 280
0 578 248 628 286
0 854 293 868 307
0 868 295 892 327
0 903 355 937 405
0 967 403 981 421
0 822 514 842 538
0 705 429 733 459
0 926 477 946 507
0 950 473 966 501
0 773 516 795 548
0 886 567 908 597
0 657 477 673 493
0 715 585 729 599
0 761 610 773 624
0 870 449 876 457
0 854 460 866 474
0 814 291 870 343
0 719 291 913 535
0 739 308 909 508
0 981 497 995 519
0 949 418 975 460
0 970 458 984 478
0 987 464 1003 486
0 997 444 1019 478
0 977 476 989 494
0 384 416 418 450
0 580 320 636 370
0 430 256 446 270
0 453 238 559 362
0 452 261 550 349
0 458 205 516 231
0 647 263 667 283
0 206 235 256 279
0 115 247 207 353
0 131 257 197 329
0 775 153 855 211
0 913 242 951 290
