0 196 261 212 277
0 278 226 308 252
0 274 254 308 284
0 235 272 267 304
0 163 296 177 310
0 124 306 146 336
0 136 332 150 352
0 144 346 154 364
0 109 358 123 376
0 246 347 260 363
0 214 375 228 389
0 272 382 288 398
0 264 411 282 429
0 203 398 257 464
0 209 464 235 496
0 111 423 137 459
0 103 462 127 498
0 97 541 115 567
0 82 506 96 524
0 127 411 141 429
0 82 407 106 441
0 67 430 89 464
0 69 538 87 562
0 156 511 188 555
0 179 552 191 566
0 238 542 254 562
0 274 534 306 570
0 263 491 307 539
0 196 480 204 492
0 264 449 308 495
0 347 480 387 522
0 371 568 419 616
0 449 584 465 598
0 249 580 269 602
0 251 608 293 646
0 256 643 284 671
0 191 601 227 643
0 208 658 228 680
0 171 625 183 637
0 129 597 157 639
0 127 651 145 671
0 156 638 206 696
0 98 630 130 680
0 133 657 273 799
0 241 723 257 741
0 358 720 372 734
0 406 671 446 705
0 440 694 476 724
0 414 704 442 724
0 414 718 458 748
0 373 746 393 760
0 328 742 370 774
0 386 763 434 797
0 436 754 484 788
0 490 761 506 771
0 501 775 517 785
0 509 739 555 771
0 556 765 590 787
0 553 710 589 738
0 527 661 551 681
0 540 638 578 672
0 622 746 638 756
0 637 752 691 788
0 688 768 706 782
0 685 783 703 795
0 644 786 664 800
0 716 727 752 757
0 749 744 763 758
0 732 691 766 721
0 717 651 751 683
0 652 637 680 661
0 570 580 582 594
0 531 514 545 528
0 474 461 482 471
0 443 434 459 452
0 389 425 401 441
0 415 411 431 427
0 342 316 442 424
0 420 223 432 233
0 445 261 455 271
0 426 271 462 301
0 515 269 535 285
0 620 275 640 293
0 611 202 661 234
0 723 276 751 302
0 778 254 802 278
0 458 321 596 455
0 595 419 611 435
0 610 451 626 467
0 719 456 729 466
0 779 696 877 786
0 879 682 897 700
0 901 671 939 715
0 748 502 910 714
0 917 530 935 558
0 916 551 938 581
0 927 590 947 618
0 953 584 989 644
0 966 546 994 592
0 948 459 976 507
0 1000 432 1018 464
0 858 357 874 377
0 897 344 907 356
0 887 303 899 315
0 874 358 944 458
0 757 381 791 417
0 830 391 846 411
0 848 404 860 416
0 853 396 861 404
0 867 459 877 471
0 919 470 929 486
0 933 508 943 522
0 912 485 920 493
0 842 480 858 498
0 848 460 858 474
0 793 441 817 469
0 758 453 774 467
0 778 496 806 528
0 712 517 728 533
0 685 517 701 533
0 577 522 641 586
