0 202 203 296 281
0 239 196 269 218
0 296 166 380 228
0 476 229 518 259
0 568 269 612 307
0 677 269 735 321
0 564 200 716 286
0 788 211 880 299
0 925 250 1029 466
0 678 449 750 539
0 670 517 710 559
0 633 485 667 523
0 619 455 655 493
0 479 488 521 526
0 619 394 675 448
0 553 317 651 423
0 686 312 732 358
0 786 594 822 634
0 757 589 785 613
0 589 534 655 598
0 567 575 607 611
0 632 580 676 624
0 475 525 519 567
0 369 595 395 621
0 273 622 315 666
0 414 471 460 517
0 393 496 415 522
0 351 504 375 528
0 247 498 289 548
0 230 540 242 556
0 326 507 336 517
0 273 546 295 570
0 210 543 222 559
0 163 398 253 512
0 384 455 420 491
0 273 427 313 473
0 331 403 353 425
0 306 367 350 413
0 349 371 401 423
0 387 334 415 358
0 196 344 240 396
0 138 359 180 415
0 121 327 153 373
0 182 275 234 335
0 247 310 291 358
0 271 317 289 335
0 239 287 267 315
0 279 228 337 282
0 341 287 405 345
0 106 358 122 376
0 904 298 924 328
0 780 376 808 416
0 840 344 850 358
0 828 363 850 385
0 911 385 931 415
0 807 534 823 554
0 665 441 689 465
0 113 414 131 442
0 69 404 93 448
0 913 504 923 520
0 864 502 880 518
0 940 487 958 515
0 992 458 1018 516
0 593 302 629 332
0 526 417 548 439
0 553 411 595 453
0 476 490 486 502
0 359 491 371 505
0 538 136 670 220
0 543 154 637 214
0 78 350 104 392
0 581 262 589 272
0 847 300 857 314
0 860 296 884 328
0 963 399 977 417
0 699 419 731 451
0 919 464 939 498
0 945 460 961 488
0 883 551 905 581
0 657 461 673 477
0 712 568 730 586
0 762 594 778 608
0 865 437 871 445
0 850 446 862 460
0 942 412 968 454
0 968 448 982 468
0 452 233 562 351
0 446 210 504 236
0 644 272 664 292
0 209 229 259 273
0 140 249 198 321
0 451 250 549 340
0 271 178 311 206
0 496 183 528 209
0 586 238 638 278
0 555 341 645 419
0 751 256 797 296
0 902 333 940 397
0 816 497 836 525
0 715 255 909 527
0 897 395 905 409
0 732 296 906 498
0 991 430 1011 464
0 984 451 998 475
0 971 461 985 483
0 980 482 990 506
0 763 497 799 537
0 299 445 311 459
0 292 417 312 435
0 400 365 450 417
0 387 403 425 437
0 381 426 415 460
0 164 480 176 498
0 167 503 175 513
0 138 500 156 524
0 86 488 104 512
0 97 405 135 469
0 135 449 153 475
0 289 349 307 367
0 123 242 209 338
0 74 272 114 358
0 357 224 435 298
0 408 248 426 264
0 549 443 575 471
