0 624 205 672 237
0 619 282 641 300
0 662 242 672 252
0 732 280 760 304
0 788 254 810 276
0 885 263 901 285
0 890 301 904 319
0 900 347 910 357
0 856 359 872 379
0 853 405 859 411
0 831 398 847 418
0 851 412 859 422
0 873 359 945 459
0 949 462 975 510
0 919 475 931 491
0 914 490 922 500
0 934 512 942 526
0 915 536 935 566
0 916 557 936 587
0 965 557 987 595
0 924 595 940 623
0 873 687 891 707
0 951 595 979 647
0 775 697 873 787
0 730 695 760 723
0 716 657 748 687
0 647 639 675 667
0 714 728 750 760
0 747 746 761 760
0 684 768 706 784
0 677 783 703 797
0 620 747 636 761
0 637 753 689 791
0 644 787 662 801
0 554 766 586 788
0 507 741 551 773
0 551 713 585 739
0 490 762 504 772
0 500 776 516 788
0 434 755 482 789
0 387 765 433 799
0 329 742 367 774
0 372 747 392 763
0 355 721 373 735
0 424 704 452 726
0 411 720 453 752
0 405 672 441 706
0 526 645 570 685
0 206 658 224 680
0 252 644 280 672
0 248 608 286 650
0 190 604 226 646
0 171 626 183 642
0 136 662 278 802
0 155 635 201 691
0 132 656 148 678
0 98 634 132 682
0 130 604 156 644
0 248 582 268 604
0 369 572 413 618
0 445 587 461 603
0 566 586 578 600
0 270 537 302 573
0 234 545 252 565
0 573 529 637 593
0 682 524 698 540
0 708 523 726 541
0 776 502 804 536
0 844 485 858 505
0 869 462 877 472
0 850 462 862 478
0 794 448 816 474
0 757 460 771 474
0 759 387 791 423
0 717 463 727 475
0 607 461 621 477
0 593 428 609 446
0 513 264 531 280
0 433 267 443 277
0 420 275 456 307
0 460 326 596 462
0 469 467 477 477
0 440 441 454 457
0 414 417 428 433
0 384 429 400 445
0 342 484 384 526
0 259 493 303 541
0 264 451 306 499
0 264 413 280 433
0 196 485 204 495
0 208 467 234 499
0 155 516 187 558
0 179 556 189 572
0 103 466 123 504
0 112 426 134 464
0 201 404 257 468
0 273 388 287 404
0 212 382 226 396
0 242 354 258 370
0 228 281 260 313
0 265 261 301 295
0 267 231 303 261
0 155 300 171 316
0 189 263 207 285
0 119 310 147 342
0 126 334 146 358
0 138 354 150 370
0 101 358 121 380
0 975 315 1009 361
0 97 542 115 570
0 63 543 83 569
0 45 483 73 523
0 80 511 96 533
0 65 440 87 470
0 84 410 106 448
0 47 425 67 459
0 43 399 71 435
0 436 215 448 225
0 880 364 934 442
0 843 524 913 602
0 896 679 926 715
0 999 439 1019 469
0 527 520 545 538
0 772 571 904 705
0 748 505 910 715
0 424 694 470 730
0 273 540 293 562
0 123 414 137 436
0 348 320 450 428
0 349 321 449 419
0 476 338 596 462
