0 354 222 434 286
0 443 209 503 237
0 448 220 556 338
0 562 264 606 300
0 676 261 736 313
0 763 193 873 299
0 563 192 711 296
0 579 260 587 266
0 345 277 411 337
0 586 237 640 277
0 404 239 420 255
0 280 218 344 270
0 193 273 249 335
0 253 277 283 309
0 168 221 260 311
0 119 331 135 351
0 134 305 170 351
0 259 304 303 352
0 281 311 301 331
0 298 340 316 360
0 208 334 254 386
0 148 342 190 396
0 109 381 145 441
0 74 366 108 422
0 141 425 161 453
0 278 410 322 460
0 304 429 322 449
0 318 350 390 420
0 392 363 452 421
0 392 410 426 444
0 390 437 428 475
0 420 454 466 502
0 397 478 421 504
0 365 475 377 489
0 355 486 381 514
0 331 493 339 501
0 486 476 496 490
0 483 466 529 512
0 517 442 567 494
0 556 428 584 456
0 536 403 558 425
0 560 395 604 439
0 554 293 652 409
0 561 325 647 403
0 680 300 732 350
0 823 351 841 373
0 834 332 846 344
0 779 373 809 417
0 840 297 852 309
0 895 303 915 327
0 896 330 942 400
0 905 233 1033 469
0 904 381 928 409
0 940 402 968 448
0 963 396 971 406
0 966 440 976 456
0 969 453 979 471
0 975 476 987 496
0 983 444 1015 502
0 937 446 957 482
0 914 452 936 486
0 934 475 952 503
0 909 492 915 502
0 881 537 903 567
0 858 487 872 507
0 811 484 835 510
0 803 520 819 540
0 762 476 800 526
0 764 574 782 598
0 785 577 823 619
0 641 554 687 600
0 710 550 728 570
0 578 518 656 596
0 478 506 522 550
0 450 577 454 583
0 372 579 398 607
0 264 602 308 646
0 224 596 232 606
0 273 528 295 552
0 213 523 227 539
0 232 521 246 537
0 251 481 293 529
0 171 478 181 488
0 93 453 107 475
0 144 474 160 498
0 170 381 260 495
0 93 329 121 367
0 75 249 141 353
0 395 325 423 351
0 699 411 735 447
0 623 381 675 433
0 664 425 694 453
0 660 446 674 462
0 622 439 658 475
0 628 468 666 506
0 670 435 750 537
0 854 292 878 324
0 713 251 905 515
0 244 190 274 214
0 284 172 370 224
0 532 120 670 216
0 761 180 809 216
