0 553 174 695 278
0 750 196 842 284
0 904 235 1032 463
0 673 417 751 515
0 634 445 670 483
0 493 450 535 488
0 623 363 679 417
0 562 277 664 387
0 783 558 819 600
0 762 554 784 580
0 589 491 675 583
0 374 560 402 588
0 256 577 300 623
0 360 465 390 495
0 256 460 300 510
0 236 497 252 515
0 326 507 336 517
0 276 505 298 533
0 219 497 233 517
0 179 361 271 475
0 417 432 475 492
0 282 397 328 447
0 305 413 327 435
0 325 341 397 413
0 400 318 432 346
0 163 321 211 379
0 123 354 163 418
0 81 237 153 349
0 202 259 258 317
0 219 317 265 371
0 283 298 307 322
0 275 210 337 262
0 348 277 412 335
0 891 302 911 326
0 780 376 808 416
0 826 313 836 327
0 815 334 837 356
0 798 501 818 523
0 101 421 115 441
0 55 402 79 446
0 900 476 910 492
0 927 463 945 491
0 976 422 1006 484
0 563 414 593 438
0 494 457 508 473
0 538 136 670 220
0 543 154 637 214
0 89 346 121 392
0 956 391 970 409
0 696 396 734 434
0 905 441 931 477
0 877 519 901 553
0 704 531 724 555
0 455 245 553 335
0 289 174 345 208
0 583 222 635 262
0 569 303 659 381
0 850 470 868 492
0 399 355 459 413
0 387 398 443 454
0 150 445 168 471
0 302 330 320 352
0 343 219 421 293
0 390 244 408 260
0 183 207 269 287
0 163 183 289 301
0 259 269 287 297
0 421 211 491 261
0 463 203 487 219
0 455 221 561 339
0 138 279 156 301
0 154 283 190 331
0 140 317 152 333
0 110 308 138 350
0 132 361 158 397
0 263 294 309 342
0 336 347 396 409
0 376 457 390 473
0 415 449 447 481
0 395 412 437 452
0 180 451 190 465
0 151 399 175 431
0 217 564 227 578
0 485 484 533 530
0 527 422 577 474
0 336 475 348 487
0 559 375 615 423
0 625 418 663 456
0 663 426 679 444
0 664 408 694 438
0 755 455 799 511
0 804 463 832 495
0 969 459 979 479
0 962 445 972 463
0 956 434 966 450
0 927 436 951 472
0 931 394 963 440
0 889 376 899 390
0 663 246 721 296
0 848 282 876 310
0 714 231 760 277
0 715 272 895 470
0 852 409 860 417
0 694 237 930 497
0 566 251 612 287
