0 642 206 688 240
0 620 288 638 304
0 525 277 543 293
0 421 273 431 283
0 393 239 403 247
0 414 281 448 309
0 257 269 289 301
0 257 241 285 265
0 221 287 251 319
0 239 361 253 377
0 271 393 285 409
0 117 317 135 347
0 150 303 168 323
0 124 342 144 364
0 135 359 145 373
0 103 368 113 384
0 209 387 223 403
0 263 419 279 439
0 202 408 254 474
0 194 489 202 499
0 207 470 233 504
0 263 455 305 503
0 258 497 300 545
0 339 486 379 530
0 380 432 396 448
0 411 424 425 438
0 437 446 453 462
0 465 472 475 482
0 462 335 600 469
0 592 438 606 454
0 604 471 618 485
0 522 528 536 542
0 568 536 632 600
0 678 531 694 549
0 705 530 723 548
0 773 507 803 541
0 756 466 770 482
0 793 453 815 479
0 715 471 725 483
0 847 473 857 487
0 839 491 855 509
0 868 471 876 481
0 1000 444 1020 476
0 759 393 791 429
0 782 382 802 406
0 831 404 847 424
0 853 411 859 417
0 851 418 861 428
0 876 363 942 461
0 878 367 934 445
0 903 349 911 361
0 856 366 870 384
0 917 481 927 497
0 912 498 920 506
0 930 521 940 533
0 946 468 974 514
0 911 545 939 589
0 961 562 985 606
0 945 602 979 652
0 918 601 940 631
0 841 527 909 605
0 767 575 905 707
0 891 681 925 721
0 869 691 885 709
0 742 509 908 717
0 564 593 574 605
0 645 644 673 672
0 714 660 748 690
0 727 695 761 727
0 766 700 868 786
0 640 342 650 350
0 739 281 767 309
0 793 250 817 274
0 356 324 458 430
0 390 375 424 409
0 268 541 300 575
0 269 545 291 567
0 329 571 337 581
0 440 591 456 609
0 365 576 411 622
0 233 547 251 569
0 155 519 187 563
0 177 559 189 575
0 244 585 264 607
0 247 611 283 653
0 250 645 280 675
0 188 606 224 650
0 201 659 221 683
0 172 630 182 646
0 128 605 160 649
0 96 546 116 576
0 103 474 125 508
0 109 433 133 469
0 82 418 102 454
0 67 439 89 477
0 181 270 197 290
0 81 513 99 539
0 66 545 90 577
0 134 663 152 681
0 156 644 206 700
0 126 662 284 804
0 325 741 373 775
0 356 723 376 737
0 401 676 441 708
0 422 699 466 733
0 411 724 453 754
0 521 650 567 688
0 372 748 392 766
0 388 765 436 799
0 432 757 482 789
0 488 762 504 776
0 497 776 515 788
0 503 743 551 775
0 545 716 583 744
0 551 767 585 791
0 616 752 634 762
0 708 731 748 761
0 742 747 760 761
0 634 755 688 791
0 679 768 703 784
0 681 782 699 796
0 117 421 137 441
