0 131 281 159 317
0 163 263 207 311
0 163 287 177 303
0 162 256 180 276
0 195 193 289 273
0 182 173 310 285
0 213 241 285 305
0 285 201 347 249
0 387 242 409 258
0 342 259 414 317
0 334 215 426 321
0 394 307 426 335
0 71 208 183 366
0 108 313 144 359
0 67 351 95 409
0 111 382 129 400
0 133 331 177 389
0 146 333 176 377
0 174 301 224 361
0 240 288 292 354
0 314 319 332 337
0 162 367 190 403
0 156 412 180 442
0 185 426 195 436
0 183 339 279 453
0 284 381 332 431
0 305 394 331 422
0 330 326 402 398
0 338 331 400 393
0 403 341 461 399
0 392 383 446 437
0 395 392 441 434
0 419 412 483 472
0 422 425 462 463
0 360 438 396 476
0 372 441 390 459
0 337 454 349 466
0 258 435 302 485
0 222 471 240 489
0 238 468 258 492
0 274 477 304 511
0 213 529 229 547
0 246 545 292 597
0 372 537 402 567
0 487 454 523 506
0 503 406 573 470
0 563 364 621 422
0 621 345 675 397
0 651 384 681 414
0 630 413 668 457
0 666 390 742 486
0 629 373 745 491
0 589 468 677 562
0 697 508 721 532
0 759 534 775 556
0 778 532 816 578
0 867 500 895 536
0 787 476 807 500
0 739 434 795 494
0 795 442 823 476
0 834 451 856 477
0 889 464 899 480
0 905 426 945 488
0 918 452 938 482
0 922 393 952 439
0 950 433 960 447
0 961 434 969 452
0 967 437 981 455
0 888 298 908 322
0 816 320 836 338
0 820 299 832 311
0 778 374 806 414
0 849 396 855 402
0 885 360 899 378
0 717 259 893 455
0 742 273 752 281
0 750 409 758 417
0 906 238 1032 482
0 565 265 669 371
0 658 238 718 290
0 574 289 658 367
0 685 230 921 478
0 737 194 841 280
0 697 230 747 266
0 576 214 632 254
0 560 241 606 277
0 573 240 581 248
0 546 172 690 266
0 481 211 505 227
0 464 205 510 235
0 431 206 545 270
0 457 237 557 325
