0 220 178 320 254
0 293 200 359 258
0 345 213 445 297
0 366 235 438 291
0 479 221 503 235
0 464 229 572 323
0 568 241 610 275
0 580 261 680 359
0 588 277 672 355
0 579 213 633 253
0 534 171 682 271
0 665 228 727 280
0 708 185 820 273
0 822 316 842 336
0 693 232 929 464
0 778 376 810 412
0 829 293 843 309
0 748 268 758 276
0 895 301 919 325
0 925 371 955 419
0 950 408 962 426
0 959 411 977 437
0 903 219 1033 487
0 908 407 944 467
0 917 433 937 463
0 751 397 759 405
0 821 434 843 462
0 862 478 892 516
0 887 448 897 462
0 777 455 801 481
0 753 426 789 466
0 628 343 746 485
0 580 344 640 402
0 583 353 611 381
0 690 492 718 520
0 766 506 812 556
0 585 448 675 544
0 487 389 569 473
0 367 508 403 546
0 239 510 285 562
0 212 488 230 510
0 274 448 302 482
0 235 435 259 465
0 235 439 253 459
0 259 407 303 457
0 336 433 346 443
0 356 419 390 455
0 365 419 385 441
0 281 357 327 405
0 341 315 409 381
0 399 302 431 330
0 392 344 490 438
0 394 346 470 420
0 189 315 283 427
0 162 380 184 410
0 155 270 225 354
0 162 284 200 330
0 243 274 305 338
0 323 305 341 323
0 222 232 292 298
0 137 261 175 309
0 191 242 207 258
0 92 312 124 352
0 135 329 153 351
