0 653 207 701 239
0 619 293 641 311
0 662 242 672 252
0 744 284 772 308
0 801 247 823 269
0 903 353 913 363
0 853 368 869 388
0 854 418 860 424
0 830 410 846 430
0 851 423 859 433
0 872 363 944 463
0 944 471 970 519
0 914 485 926 503
0 911 501 919 511
0 930 523 938 537
0 910 549 934 595
0 957 566 979 612
0 862 692 880 714
0 938 606 972 658
0 765 702 863 792
0 724 699 758 729
0 713 661 745 695
0 641 649 671 675
0 710 733 746 765
0 744 748 758 762
0 683 769 705 785
0 677 783 703 797
0 615 751 631 765
0 633 756 685 794
0 643 787 661 801
0 549 769 585 791
0 502 744 550 776
0 544 718 580 746
0 487 765 501 775
0 498 777 514 789
0 389 767 439 799
0 330 744 368 776
0 372 750 392 766
0 355 725 373 739
0 398 678 436 712
0 520 654 564 694
0 200 664 218 686
0 249 649 277 677
0 242 612 280 654
0 186 610 222 654
0 145 668 287 808
0 155 646 203 702
0 104 646 138 694
0 130 610 160 654
0 241 587 263 611
0 360 578 406 626
0 435 596 453 614
0 560 597 572 611
0 266 546 294 578
0 229 550 249 572
0 564 542 628 606
0 674 537 692 557
0 700 534 718 554
0 771 512 801 546
0 839 494 853 514
0 867 475 877 485
0 845 478 857 494
0 793 458 815 484
0 755 472 769 488
0 759 398 791 434
0 714 478 724 490
0 601 478 615 494
0 589 445 605 463
0 528 279 546 295
0 408 280 418 290
0 406 286 442 318
0 460 477 468 487
0 432 450 446 468
0 408 427 422 443
0 378 434 394 450
0 333 490 373 534
0 254 500 298 548
0 262 459 304 507
0 259 424 277 444
0 196 485 204 495
0 205 475 231 507
0 153 523 185 565
0 176 563 186 579
0 102 475 122 513
0 108 439 130 477
0 198 413 252 479
0 269 400 285 416
0 206 393 218 409
0 234 368 250 384
0 214 294 246 330
0 246 275 282 309
0 244 247 274 275
0 142 311 158 327
0 175 274 193 296
0 106 320 134 352
0 118 347 138 371
0 128 363 140 379
0 97 371 117 393
0 97 549 117 581
0 67 553 87 579
0 45 497 73 537
0 82 519 98 541
0 63 448 85 478
0 81 420 103 458
0 44 434 64 468
0 39 407 67 443
0 377 245 389 255
0 838 531 908 609
0 886 685 918 725
0 1000 449 1020 479
0 516 532 534 550
0 761 577 901 711
0 362 329 464 435
0 396 379 432 419
0 464 343 602 477
0 876 367 934 445
0 899 309 913 325
0 265 546 289 574
0 116 427 132 447
0 138 666 152 686
0 171 634 181 650
0 422 701 464 733
0 408 724 454 756
0 430 757 482 791
0 910 603 932 635
0 738 511 908 721
