0 433 213 537 303
0 532 221 610 319
0 352 203 450 271
0 460 205 486 227
0 496 189 514 201
0 569 208 623 252
0 537 174 675 264
0 236 179 316 241
0 198 172 324 282
0 311 195 373 249
0 326 274 348 294
0 160 267 192 313
0 139 302 153 320
0 155 258 219 334
0 203 245 315 379
0 207 275 301 373
0 279 333 325 381
0 181 343 211 377
0 250 372 302 432
0 276 412 312 450
0 310 435 318 445
0 334 402 346 416
0 350 393 386 429
0 358 393 382 421
0 338 293 416 367
0 391 328 493 426
0 391 331 473 411
0 495 367 579 447
0 589 321 649 379
0 591 331 623 363
0 714 268 724 278
0 911 351 945 403
0 942 389 966 427
0 897 384 937 442
0 910 406 934 438
0 887 428 901 446
0 891 215 1031 475
0 636 229 906 479
0 782 423 828 467
0 782 457 810 487
0 838 426 864 454
0 787 310 809 332
0 797 290 807 302
0 778 373 806 415
0 664 268 712 318
0 638 363 730 459
0 759 488 801 540
0 867 464 897 506
0 683 463 713 497
0 585 420 675 516
0 366 478 408 522
0 238 467 288 527
0 222 440 244 470
0 663 178 803 276
0 789 184 843 232
