0 666 199 708 239
0 806 243 828 267
0 747 284 773 308
0 620 296 638 314
0 530 281 548 299
0 394 288 404 298
0 398 292 430 322
0 362 252 374 264
0 231 250 263 282
0 166 283 182 301
0 236 283 268 317
0 205 301 237 337
0 102 325 124 359
0 135 315 151 335
0 124 369 134 385
0 228 374 246 394
0 269 405 283 423
0 200 400 214 416
0 258 429 274 449
0 402 385 434 417
0 378 387 392 403
0 369 334 469 436
0 403 430 419 446
0 374 437 390 453
0 427 454 445 472
0 466 349 604 483
0 586 456 602 470
0 595 486 611 502
0 903 351 915 365
0 849 371 865 391
0 759 402 793 438
0 782 381 800 407
0 829 416 845 434
0 851 428 859 438
0 853 423 859 429
0 874 365 940 463
0 877 369 933 445
0 999 454 1019 486
0 942 475 968 521
0 914 491 924 507
0 909 507 915 513
0 927 529 939 543
0 791 463 813 489
0 844 484 856 498
0 865 479 875 489
0 836 499 850 517
0 753 479 767 495
0 711 485 721 497
0 768 518 798 552
0 697 542 715 560
0 670 544 686 562
0 838 532 902 610
0 761 579 899 713
0 907 557 931 595
0 953 576 977 616
0 909 612 929 640
0 934 612 968 662
0 709 664 745 696
0 638 652 668 680
0 721 699 755 729
0 735 514 905 724
0 882 689 914 727
0 859 701 873 717
0 706 733 748 765
0 743 750 757 764
0 758 703 858 787
0 747 774 793 800
0 680 783 700 797
0 613 755 631 765
0 635 758 691 794
0 542 721 578 749
0 516 658 560 694
0 554 604 566 614
0 500 746 548 778
0 549 771 583 793
0 495 780 513 790
0 487 766 501 776
0 431 759 481 791
0 391 767 439 799
0 371 751 391 767
0 329 745 373 777
0 354 725 372 741
0 406 725 450 757
0 420 705 458 735
0 394 681 436 715
0 140 671 292 809
0 110 656 154 700
0 155 649 199 703
0 196 665 214 687
0 246 652 274 680
0 168 639 182 653
0 130 613 162 655
0 184 613 220 657
0 240 616 278 658
0 239 591 259 615
0 356 583 402 629
0 430 600 446 616
0 263 551 289 581
0 228 555 248 577
0 175 568 185 582
0 97 555 115 585
0 68 555 88 583
0 152 527 182 571
0 191 499 199 507
0 204 480 228 512
0 250 503 294 553
0 260 463 302 511
0 330 493 370 537
0 454 482 464 492
0 511 539 525 553
0 450 577 454 583
0 559 548 623 612
0 100 481 122 519
0 103 443 127 481
0 196 418 250 484
0 158 452 166 460
0 77 428 97 464
0 113 353 131 377
0 79 525 97 545
