0 221 404 249 438
0 234 429 286 491
0 357 451 405 503
0 336 383 348 399
0 348 377 380 411
0 260 350 320 424
0 298 400 306 410
0 261 354 317 406
0 339 287 419 365
0 392 321 494 421
0 393 325 477 405
0 492 366 578 446
0 584 331 646 391
0 584 341 624 379
0 193 243 327 371
0 208 264 302 366
0 331 257 355 277
0 375 192 471 294
0 461 188 585 318
0 570 200 626 248
0 525 188 545 202
0 257 181 313 247
0 177 237 223 283
0 171 164 321 304
0 295 188 371 256
0 564 180 638 226
0 586 194 674 280
0 685 217 789 293
0 639 294 691 346
0 676 293 690 307
0 681 257 867 467
0 780 373 808 417
0 841 291 911 387
0 887 334 913 372
0 626 243 910 535
0 628 374 750 514
0 803 423 853 479
0 819 441 845 475
0 881 433 913 481
0 856 394 886 436
0 899 386 911 406
0 951 377 969 413
0 776 491 824 543
0 695 489 729 527
0 708 200 744 232
0 745 194 799 256
0 785 182 837 242
0 873 196 1035 478
