0 229 373 261 411
0 237 396 293 458
0 354 425 410 483
0 340 358 378 396
0 339 287 419 365
0 388 312 490 412
0 393 318 477 398
0 492 357 578 437
0 581 344 643 404
0 209 253 305 347
0 333 247 357 267
0 368 190 464 292
0 442 185 566 315
0 523 189 543 203
0 183 184 287 280
0 564 183 638 229
0 780 373 808 417
0 877 398 913 444
0 792 467 840 519
0 775 167 827 227
0 582 352 626 402
0 182 241 210 263
0 206 224 336 350
0 280 167 372 245
0 270 357 306 393
0 266 331 326 393
0 568 211 630 257
0 567 197 683 291
0 745 194 775 236
0 710 207 742 231
0 619 281 657 317
0 613 312 663 366
0 650 391 782 499
0 650 388 794 516
0 740 297 756 317
0 741 279 751 291
0 661 245 859 443
0 822 399 866 451
0 817 268 889 352
0 864 304 888 338
0 875 348 893 370
0 854 360 882 400
0 865 201 1031 461
0 318 629 328 637
0 311 261 333 287
