0 617 304 639 322
0 662 242 672 252
0 748 285 772 307
0 810 246 826 264
0 904 355 914 365
0 847 376 863 396
0 854 418 860 424
0 830 410 846 430
0 851 423 859 433
0 870 366 942 466
0 939 479 965 527
0 911 496 923 514
0 908 512 914 520
0 925 534 933 548
0 904 565 928 601
0 950 586 972 622
0 849 706 865 724
0 928 618 962 670
0 748 710 856 804
0 722 702 756 732
0 709 668 743 700
0 635 658 667 684
0 708 734 744 766
0 744 748 758 762
0 674 787 694 797
0 611 755 627 769
0 631 761 685 795
0 545 772 581 794
0 497 748 545 780
0 538 723 574 751
0 492 779 510 793
0 389 767 439 799
0 329 745 371 777
0 369 752 389 768
0 351 728 369 742
0 391 683 429 717
0 512 662 556 698
0 194 669 212 691
0 241 654 269 682
0 237 619 275 661
0 184 618 220 660
0 155 673 301 809
0 152 654 198 706
0 130 617 160 661
0 234 595 256 619
0 351 586 397 634
0 425 603 443 621
0 550 606 562 620
0 259 554 283 584
0 224 558 244 578
0 556 553 620 617
0 666 551 684 569
0 694 549 712 567
0 766 525 796 559
0 839 494 853 514
0 867 475 877 485
0 845 478 857 494
0 788 468 810 494
0 751 486 765 502
0 759 408 791 444
0 584 465 598 479
0 531 285 549 301
0 387 298 421 330
0 450 486 460 496
0 423 457 441 479
0 402 433 416 449
0 372 439 388 455
0 323 497 365 541
0 245 508 289 556
0 257 467 299 515
0 256 437 270 455
0 188 503 196 513
0 199 484 225 518
0 150 531 182 575
0 171 572 183 586
0 97 485 119 525
0 99 446 125 488
0 194 425 248 491
0 265 413 281 429
0 196 407 210 423
0 224 383 238 399
0 197 309 229 345
0 228 292 258 324
0 221 263 251 291
0 130 323 146 339
0 154 285 172 307
0 94 331 116 365
0 86 380 106 402
0 96 559 116 591
0 67 562 87 588
0 43 512 63 542
0 78 527 96 551
0 62 462 84 492
0 75 431 97 469
0 40 452 60 478
0 348 262 360 272
0 834 537 902 615
0 877 693 913 729
0 996 463 1016 493
0 503 543 521 561
0 757 585 897 717
0 372 339 474 441
0 464 356 604 488
0 876 370 936 450
0 167 643 181 657
0 416 707 454 737
0 404 728 448 760
0 428 760 480 794
0 901 617 925 647
0 116 373 130 393
0 105 356 125 386
0 111 438 125 458
0 36 421 58 457
0 407 390 439 426
0 382 391 398 407
0 592 495 606 511
0 709 494 719 504
0 782 378 802 408
0 733 519 903 727
0 635 792 653 800
0 483 767 499 779
0 141 681 157 697
0 116 664 144 702
0 377 298 389 308
0 142 222 182 264
0 211 220 231 240
