0 221 213 317 301
0 191 194 257 252
0 259 174 331 222
0 209 176 363 306
0 369 197 465 299
0 434 195 578 329
0 564 221 626 269
0 507 197 527 211
0 569 186 705 314
0 656 234 856 422
0 716 284 736 302
0 729 268 737 276
0 843 276 869 308
0 852 324 904 392
0 832 369 876 431
0 815 439 861 495
0 687 393 813 511
0 673 358 823 516
0 494 353 578 435
0 607 342 655 386
0 594 323 674 403
0 601 305 637 337
0 376 310 474 410
0 376 313 468 397
0 332 342 368 380
0 346 396 412 466
0 321 275 405 351
0 258 301 318 359
0 229 342 293 416
0 774 224 872 326
0 868 185 1028 431
0 1004 392 1036 472
0 316 593 328 609
