0 366 312 374 322
0 526 294 544 310
0 372 310 406 342
0 330 277 340 285
0 205 273 231 303
0 214 304 244 338
0 183 320 217 358
0 117 333 133 349
0 144 300 160 318
0 199 231 215 251
0 614 315 634 335
0 638 376 648 388
0 750 292 778 318
0 816 251 836 273
0 783 379 801 409
0 846 388 862 408
0 877 378 933 458
0 873 375 939 473
0 909 363 919 375
0 913 328 923 338
0 828 432 844 452
0 851 441 861 455
0 757 419 791 457
0 786 478 810 506
0 838 499 852 515
0 861 493 873 507
0 938 488 966 536
0 1000 472 1020 508
0 911 503 923 521
0 908 518 914 528
0 925 541 937 559
0 831 514 845 532
0 748 498 764 516
0 774 505 780 513
0 707 505 717 519
0 697 531 705 539
0 692 560 710 578
0 762 535 794 571
0 837 543 899 627
0 838 544 914 628
0 752 591 896 725
0 941 586 975 634
0 946 594 968 628
0 925 625 959 675
0 898 624 920 658
0 888 686 922 734
0 845 712 865 732
0 746 714 850 800
0 744 751 758 765
0 717 708 753 738
0 705 672 741 706
0 732 527 914 735
0 631 662 665 692
0 509 668 555 704
0 545 615 559 627
0 550 562 616 628
0 605 561 613 569
0 663 562 683 582
0 418 610 436 626
0 346 593 394 639
0 386 686 428 722
0 411 711 453 741
0 400 732 446 764
0 348 730 370 748
0 366 755 390 771
0 328 749 372 781
0 388 769 440 803
0 427 763 479 797
0 483 771 497 781
0 491 783 509 795
0 495 750 543 784
0 533 727 575 755
0 543 776 579 798
0 607 759 625 771
0 627 762 683 798
0 670 788 690 800
0 705 738 743 768
0 170 658 184 672
0 137 628 167 670
0 188 678 206 698
0 130 651 306 815
0 136 669 212 713
0 232 624 270 666
0 237 658 269 688
0 181 625 219 671
0 229 600 251 626
0 220 565 240 589
0 253 560 281 592
0 169 578 183 596
0 144 538 180 586
0 95 565 119 601
0 67 567 91 597
0 77 534 95 562
0 181 509 193 523
0 194 491 222 527
0 242 513 286 565
0 252 475 294 525
0 318 503 360 549
0 93 493 117 535
0 95 455 121 499
0 105 446 121 468
0 71 443 89 475
0 52 457 78 499
0 189 418 203 436
0 216 394 232 414
0 258 423 274 443
0 248 445 266 467
0 187 433 243 501
0 234 444 240 452
0 107 383 123 405
0 99 365 117 393
0 90 343 108 371
0 80 392 98 414
0 133 228 171 270
0 217 189 251 225
0 395 439 411 455
0 367 446 385 462
0 416 465 434 485
0 439 490 455 506
0 580 476 594 492
0 586 506 602 522
0 499 552 515 570
0 464 369 604 501
0 375 348 479 452
0 409 400 441 436
0 385 401 397 415
