0 353 323 363 333
0 523 298 541 314
0 362 320 396 352
0 314 287 328 295
0 196 281 222 311
0 183 315 225 367
0 112 336 130 360
0 134 302 156 328
0 188 236 204 256
0 612 324 632 344
0 634 386 644 398
0 753 297 781 323
0 822 254 842 276
0 783 379 801 409
0 845 396 861 416
0 877 383 935 465
0 873 380 939 478
0 912 372 922 384
0 920 333 930 343
0 828 441 844 461
0 852 449 862 463
0 757 428 791 466
0 784 485 808 513
0 836 507 850 523
0 859 501 871 515
0 936 495 964 543
0 999 480 1019 516
0 909 511 921 529
0 906 526 912 536
0 923 550 931 566
0 829 522 841 538
0 746 506 762 524
0 774 505 780 513
0 703 514 713 528
0 694 539 702 547
0 688 567 706 585
0 761 543 791 577
0 834 550 896 636
0 836 550 910 634
0 750 596 890 726
0 938 601 964 639
0 918 631 954 679
0 894 632 914 664
0 883 689 921 733
0 746 714 850 800
0 743 755 757 769
0 715 711 749 739
0 703 676 739 710
0 629 668 661 696
0 505 672 551 708
0 541 620 555 632
0 545 570 611 632
0 605 561 613 569
0 660 569 680 589
0 416 614 432 630
0 346 596 390 642
0 387 689 429 725
0 398 720 458 764
0 348 732 370 750
0 335 750 385 786
0 397 762 469 804
0 477 773 491 783
0 489 783 507 795
0 492 755 540 787
0 531 731 573 759
0 536 778 578 800
0 604 762 622 774
0 626 764 682 800
0 666 787 690 801
0 703 742 741 772
0 175 665 189 679
0 141 635 171 677
0 143 656 313 818
0 230 627 268 669
0 235 660 267 690
0 181 629 219 675
0 229 604 249 628
0 219 569 239 593
0 251 564 277 594
0 169 585 183 599
0 145 543 179 589
0 96 571 120 607
0 69 570 93 600
0 78 539 96 567
0 180 515 192 529
0 194 497 222 533
0 239 517 283 569
0 251 481 293 531
0 316 507 358 553
0 93 496 117 538
0 95 455 121 499
0 68 447 88 485
0 52 463 78 505
0 185 426 199 444
0 211 402 227 422
0 256 431 272 451
0 246 453 264 475
0 186 439 242 507
0 233 443 239 451
0 105 389 121 411
0 95 371 113 399
0 81 341 107 385
0 77 398 95 418
0 127 232 165 274
0 217 189 251 225
0 395 442 411 458
0 366 449 384 465
0 413 469 431 489
0 435 495 451 511
0 576 487 590 501
0 581 515 597 531
0 495 559 511 577
0 465 377 599 509
0 381 354 483 456
0 413 407 445 443
0 391 406 403 420
0 706 212 742 240
0 662 244 672 252
0 85 349 103 377
0 408 721 452 749
0 726 536 910 736
