0 349 339 359 349
0 516 297 534 313
0 356 334 392 372
0 304 296 316 308
0 188 291 214 321
0 179 324 221 376
0 112 336 130 360
0 126 310 148 336
0 178 244 194 264
0 617 331 637 351
0 635 400 645 412
0 756 299 784 325
0 830 261 846 277
0 783 379 801 409
0 843 406 859 426
0 876 391 934 473
0 873 388 939 486
0 914 378 924 390
0 921 345 931 355
0 827 450 843 470
0 851 457 861 471
0 753 437 789 475
0 780 492 804 520
0 836 507 850 523
0 859 501 871 515
0 936 495 964 543
0 999 480 1019 516
0 909 511 921 529
0 906 526 912 536
0 923 550 931 566
0 829 522 841 538
0 740 514 756 532
0 774 505 780 513
0 697 519 707 533
0 687 544 695 552
0 682 572 700 590
0 761 543 791 577
0 742 602 884 732
0 934 607 958 643
0 913 636 949 684
0 887 635 913 667
0 877 690 919 738
0 742 717 846 803
0 709 715 743 743
0 629 668 661 696
0 505 676 551 712
0 540 626 554 638
0 543 576 609 638
0 605 561 613 569
0 654 573 674 593
0 413 621 429 637
0 343 603 387 649
0 387 693 429 729
0 398 722 458 766
0 348 732 370 750
0 335 750 385 786
0 397 762 469 804
0 477 775 491 785
0 489 784 507 796
0 492 755 540 787
0 531 733 573 761
0 536 778 578 800
0 603 763 621 775
0 624 765 680 801
0 666 787 690 801
0 698 743 740 773
0 179 671 193 685
0 148 641 178 683
0 153 661 321 819
0 230 631 268 673
0 237 664 269 692
0 183 634 221 680
0 229 610 249 634
0 218 573 238 597
0 248 568 274 598
0 170 589 184 603
0 145 547 179 593
0 97 571 121 607
0 69 570 93 600
0 78 539 96 567
0 180 519 192 533
0 192 501 220 537
0 236 521 280 573
0 248 485 290 535
0 308 514 350 560
0 93 499 117 541
0 95 460 121 504
0 68 450 88 488
0 52 466 78 508
0 183 431 197 449
0 210 409 226 429
0 255 437 271 457
0 244 457 262 479
0 184 444 240 512
0 233 443 239 451
0 99 393 115 415
0 91 377 109 405
0 77 347 103 391
0 74 404 92 424
0 119 239 157 281
0 203 200 237 236
0 387 444 403 460
0 361 450 379 466
0 394 486 412 506
0 429 512 445 528
0 557 485 571 501
0 574 517 590 533
0 495 566 511 584
0 720 209 756 237
0 662 244 672 252
0 408 726 452 754
0 429 436 461 472
0 420 421 432 437
0 416 417 424 425
0 485 380 575 488
0 412 348 580 520
0 826 553 892 637
0 827 554 903 636
0 714 539 904 741
