0 340 350 350 360
0 509 302 527 318
0 348 343 384 381
0 293 306 305 318
0 179 300 205 330
0 173 332 215 384
0 100 350 118 374
0 119 319 141 345
0 166 250 182 270
0 615 341 635 361
0 635 410 645 422
0 757 304 785 330
0 833 262 849 278
0 783 379 801 409
0 843 415 859 435
0 871 392 937 490
0 915 386 925 398
0 923 350 933 360
0 826 459 842 479
0 851 466 861 480
0 753 446 789 484
0 779 502 801 528
0 829 523 843 539
0 854 515 866 529
0 928 510 958 556
0 995 497 1015 533
0 903 526 915 544
0 901 539 907 549
0 916 563 924 579
0 821 535 835 553
0 740 514 756 532
0 774 505 780 513
0 697 519 707 533
0 687 544 695 552
0 678 579 696 597
0 753 556 785 590
0 737 607 883 737
0 930 616 954 652
0 908 642 944 690
0 880 642 906 674
0 868 693 916 747
0 742 717 846 803
0 705 716 739 744
0 623 676 659 706
0 502 680 548 716
0 535 631 549 643
0 538 581 604 643
0 605 561 613 569
0 649 581 669 601
0 409 625 425 641
0 338 607 384 653
0 385 697 427 733
0 396 725 456 769
0 348 735 370 753
0 338 753 388 789
0 397 762 469 804
0 477 777 491 787
0 488 784 506 796
0 490 759 538 791
0 531 733 573 761
0 536 778 578 800
0 601 767 619 779
0 620 767 678 801
0 665 792 683 800
0 695 746 737 776
0 179 677 193 691
0 151 648 181 690
0 153 661 321 819
0 228 634 266 676
0 236 667 268 695
0 183 639 221 685
0 225 613 247 641
0 215 576 235 604
0 246 573 272 603
0 169 594 183 608
0 145 553 179 599
0 98 579 122 615
0 71 575 95 605
0 82 547 100 575
0 178 526 190 540
0 191 507 219 543
0 233 527 277 579
0 246 492 288 542
0 304 519 346 565
0 92 507 116 549
0 93 469 119 513
0 68 456 88 494
0 53 477 79 519
0 179 441 193 459
0 205 418 221 438
0 251 445 267 465
0 241 465 259 487
0 183 451 239 519
0 233 443 239 451
0 96 401 112 423
0 88 386 106 414
0 72 355 98 399
0 70 411 88 431
0 114 243 152 285
0 192 206 226 242
0 389 449 405 465
0 361 456 379 472
0 392 490 410 510
0 423 516 439 532
0 574 517 590 533
0 488 572 506 590
0 742 206 778 234
0 662 244 672 252
0 412 353 580 525
0 822 561 898 641
0 550 493 566 507
0 430 441 460 475
0 491 441 499 451
0 420 425 434 441
0 413 382 477 492
0 481 378 579 500
0 441 384 469 406
0 874 395 932 479
0 823 561 889 639
0 710 544 900 748
0 402 727 450 761
