0 331 361 341 371
0 501 307 519 323
0 342 355 376 391
0 284 314 296 326
0 171 308 197 338
0 166 340 208 392
0 96 358 114 382
0 113 325 135 351
0 156 261 172 281
0 611 348 635 370
0 633 421 643 433
0 761 304 789 330
0 829 257 847 275
0 783 379 801 409
0 843 415 859 435
0 871 396 937 494
0 916 392 926 404
0 923 357 933 367
0 825 465 841 487
0 849 471 859 485
0 751 454 787 492
0 774 507 800 535
0 825 528 839 544
0 851 521 863 535
0 925 516 955 562
0 995 506 1015 542
0 903 526 915 544
0 901 539 907 549
0 916 563 924 579
0 817 541 833 557
0 733 529 751 549
0 774 501 782 513
0 687 536 701 552
0 679 559 687 567
0 674 584 692 604
0 749 562 783 598
0 924 622 950 662
0 904 647 940 695
0 876 646 902 678
0 863 694 911 748
0 732 717 836 803
0 705 716 739 744
0 620 679 656 709
0 498 683 544 719
0 531 636 545 648
0 531 585 601 649
0 605 561 613 569
0 645 586 665 608
0 404 627 424 647
0 336 609 382 655
0 378 696 426 734
0 394 727 454 771
0 346 735 368 757
0 338 753 388 789
0 397 762 469 804
0 477 777 491 787
0 488 784 506 796
0 490 759 538 791
0 525 736 569 766
0 534 778 576 800
0 599 767 617 779
0 620 767 678 801
0 665 792 683 800
0 695 746 737 776
0 182 682 196 696
0 149 649 191 699
0 157 671 335 819
0 225 637 263 679
0 234 669 266 697
0 183 643 221 689
0 224 614 246 642
0 214 580 236 608
0 243 577 269 607
0 169 600 183 614
0 144 558 178 604
0 101 585 125 621
0 74 582 98 612
0 81 555 99 583
0 178 526 190 540
0 187 514 215 550
0 232 532 276 582
0 244 498 286 548
0 301 522 343 568
0 92 513 116 555
0 91 476 117 520
0 63 464 83 502
0 53 485 79 527
0 177 448 191 466
0 201 427 217 447
0 246 453 262 473
0 236 473 254 495
0 183 460 235 526
0 233 443 239 451
0 92 408 108 430
0 84 391 102 419
0 67 362 93 406
0 67 418 85 438
0 108 250 146 292
0 180 215 214 251
0 389 453 407 471
0 361 461 379 479
0 390 490 412 514
0 420 519 436 535
0 574 517 590 533
0 482 574 502 596
0 755 199 791 227
0 662 244 672 252
0 414 358 582 530
0 550 493 566 507
0 429 445 459 479
0 490 446 498 456
0 420 425 434 441
0 874 400 932 484
0 819 565 885 643
0 446 387 474 407
0 484 377 576 503
0 337 344 345 352
0 399 728 449 764
0 818 566 898 646
0 710 549 898 749
0 732 612 878 734
0 418 386 482 496
0 959 580 991 658
