0 322 368 338 384
0 492 313 512 329
0 333 364 371 402
0 272 323 286 337
0 163 317 189 347
0 157 347 203 403
0 88 365 106 389
0 104 333 126 359
0 150 266 166 286
0 610 358 634 380
0 632 432 642 444
0 763 306 791 332
0 828 250 846 268
0 783 379 801 409
0 839 428 857 450
0 871 400 937 498
0 917 397 927 409
0 922 361 932 371
0 825 472 841 494
0 849 478 859 492
0 751 461 787 499
0 772 513 798 541
0 822 534 836 550
0 847 526 859 540
0 923 521 953 567
0 991 512 1011 548
0 898 538 910 556
0 897 552 903 562
0 910 575 918 591
0 813 546 829 562
0 730 536 748 556
0 774 501 782 513
0 683 545 697 561
0 675 566 683 574
0 670 592 688 612
0 743 568 775 604
0 901 631 945 693
0 863 694 911 748
0 727 722 829 804
0 700 718 736 750
0 617 682 655 714
0 496 685 542 721
0 528 640 542 652
0 526 591 596 655
0 605 561 613 569
0 641 593 661 615
0 398 631 418 651
0 333 612 379 658
0 377 698 425 736
0 393 729 453 773
0 344 736 366 758
0 338 753 388 789
0 397 762 469 804
0 474 777 488 787
0 486 785 504 797
0 485 759 533 791
0 521 738 565 768
0 534 778 576 800
0 599 767 617 779
0 616 766 674 802
0 664 792 682 800
0 695 747 737 777
0 148 654 188 700
0 157 671 335 819
0 221 648 267 698
0 179 649 217 693
0 224 622 246 650
0 213 587 235 615
0 239 582 265 612
0 168 604 182 618
0 145 562 181 610
0 102 590 126 626
0 75 591 99 621
0 79 558 97 586
0 176 536 188 550
0 185 520 213 556
0 228 539 272 589
0 242 505 284 555
0 296 527 340 575
0 90 520 114 562
0 89 482 115 526
0 63 464 83 502
0 52 488 78 530
0 174 457 188 475
0 196 435 212 455
0 243 462 259 482
0 233 481 251 503
0 178 467 230 533
0 233 444 239 452
0 79 399 97 427
0 61 369 87 413
0 62 424 80 444
0 104 253 142 295
0 174 222 208 258
0 390 457 408 475
0 359 466 379 486
0 387 495 409 519
0 416 523 432 539
0 552 536 572 556
0 476 580 496 602
0 770 189 806 217
0 662 244 672 252
0 414 362 582 534
0 537 507 553 521
0 874 405 932 489
0 819 565 885 643
0 451 392 479 412
0 483 378 575 504
0 329 354 337 362
0 397 731 447 767
0 813 568 893 644
0 712 549 896 749
0 735 614 881 742
0 416 390 484 504
0 957 582 995 658
0 86 416 100 438
0 489 450 503 464
0 508 443 518 453
0 425 448 459 484
0 421 429 437 443
