0 424 453 456 485
0 422 434 436 446
0 414 369 584 541
0 531 512 547 528
0 607 366 631 390
0 485 318 503 336
0 327 374 363 412
0 318 380 330 394
0 393 463 411 481
0 360 472 378 492
0 384 498 408 522
0 413 526 429 542
0 292 533 336 579
0 329 572 335 580
0 236 470 254 490
0 191 442 207 464
0 229 489 247 511
0 169 463 183 483
0 86 489 112 533
0 175 472 229 542
0 182 527 212 563
0 177 544 185 556
0 238 511 280 559
0 225 543 269 593
0 236 587 262 615
0 209 590 233 622
0 220 629 244 655
0 220 651 266 701
0 330 616 374 662
0 394 635 412 651
0 179 651 217 699
0 168 609 182 625
0 142 569 180 619
0 101 593 125 631
0 77 591 101 623
0 78 564 102 594
0 87 523 115 567
0 60 474 84 518
0 152 661 190 707
0 164 682 348 816
0 341 738 365 758
0 336 755 388 791
0 397 766 469 804
0 389 729 447 771
0 374 702 420 738
0 472 777 486 787
0 484 785 502 797
0 483 759 535 793
0 531 779 573 803
0 519 740 565 770
0 492 688 538 724
0 615 684 655 718
0 593 767 615 783
0 615 767 673 801
0 694 748 736 778
0 728 722 834 802
0 898 637 944 697
0 698 720 736 750
0 525 644 537 654
0 524 595 592 659
0 472 584 494 606
0 547 543 567 563
0 671 574 679 582
0 638 600 656 620
0 666 598 686 616
0 742 575 774 609
0 812 570 882 644
0 732 616 878 744
0 709 553 893 753
0 905 580 919 596
0 920 525 950 571
0 992 522 1008 552
0 869 404 933 502
0 896 542 910 562
0 895 558 903 566
0 847 531 857 547
0 820 541 836 557
0 810 552 826 568
0 681 554 693 568
0 727 544 745 562
0 770 519 794 547
0 750 468 786 506
0 824 478 842 500
0 851 486 861 498
0 840 436 858 458
0 919 402 927 412
0 770 311 794 333
0 781 374 807 412
0 630 443 640 453
0 816 231 840 253
0 264 332 276 346
0 154 355 196 409
0 154 323 182 355
0 103 342 121 364
0 86 372 98 394
0 60 379 84 413
0 77 409 91 433
0 84 422 98 444
0 65 427 79 451
