0 309 374 321 388
0 478 324 496 342
0 317 383 355 419
0 255 341 269 355
0 149 334 175 364
0 150 362 190 416
0 81 376 99 400
0 96 345 118 371
0 135 279 151 299
0 607 375 631 397
0 629 451 639 463
0 770 306 798 332
0 807 212 829 234
0 783 379 801 409
0 840 442 858 464
0 871 406 937 504
0 921 404 931 416
0 922 364 932 374
0 825 484 841 506
0 853 489 863 503
0 750 475 786 513
0 769 524 795 552
0 845 537 857 551
0 920 528 950 574
0 991 525 1009 557
0 896 546 908 564
0 894 560 900 570
0 910 575 918 591
0 809 555 825 571
0 726 550 744 570
0 678 559 692 575
0 669 578 679 588
0 664 601 684 623
0 740 578 772 614
0 894 641 942 699
0 854 696 906 752
0 728 722 834 804
0 699 721 735 753
0 614 687 652 719
0 490 690 536 726
0 521 647 535 659
0 519 599 589 663
0 605 561 613 569
0 635 605 655 627
0 391 636 411 656
0 326 621 372 667
0 371 702 419 740
0 388 731 444 771
0 340 739 362 761
0 338 755 388 791
0 397 762 469 804
0 471 778 485 788
0 486 785 504 797
0 485 759 533 791
0 518 738 562 770
0 534 778 576 800
0 594 768 614 784
0 615 767 673 803
0 664 792 682 800
0 695 749 737 779
0 154 669 194 715
0 170 687 356 817
0 219 654 265 704
0 178 657 216 701
0 219 630 241 658
0 206 590 234 624
0 233 587 259 617
0 168 613 184 629
0 145 574 181 622
0 103 598 127 634
0 79 599 103 629
0 78 568 106 602
0 176 545 188 559
0 223 523 281 597
0 294 536 338 584
0 89 529 113 571
0 85 494 111 538
0 54 487 78 539
0 168 469 182 487
0 190 450 206 472
0 232 478 248 498
0 223 495 241 517
0 168 483 224 559
0 233 444 239 452
0 74 411 92 439
0 56 380 82 424
0 59 436 77 456
0 93 264 131 306
0 158 231 198 275
0 394 466 412 484
0 358 477 378 497
0 383 501 405 525
0 410 529 426 545
0 543 548 563 568
0 469 588 489 608
0 662 244 672 252
0 526 516 544 534
0 873 409 931 493
0 454 396 496 420
0 483 397 573 525
0 810 573 890 649
0 731 618 877 746
0 415 395 483 509
0 949 584 993 660
0 80 429 94 451
0 488 461 502 475
0 423 456 457 492
0 424 437 440 451
0 168 482 222 552
0 416 374 584 546
0 945 489 959 505
0 967 494 979 508
0 818 544 834 564
0 770 617 786 633
0 786 607 798 615
0 794 624 812 640
0 709 555 893 757
0 811 573 891 647
