0 301 381 313 393
0 472 329 490 347
0 312 389 348 427
0 247 348 261 362
0 144 336 168 372
0 146 369 186 423
0 77 382 95 406
0 93 351 115 377
0 131 282 147 302
0 606 382 630 404
0 628 458 638 470
0 770 306 798 332
0 807 212 829 234
0 783 379 801 409
0 841 447 859 469
0 871 406 937 504
0 921 404 931 416
0 922 364 932 374
0 826 488 844 512
0 853 493 863 509
0 752 482 788 520
0 769 530 795 558
0 846 541 858 555
0 920 528 950 574
0 991 526 1011 562
0 896 551 908 569
0 906 588 914 604
0 809 559 825 575
0 725 556 743 576
0 675 565 689 581
0 666 585 676 595
0 662 607 682 629
0 739 583 771 619
0 891 644 939 702
0 854 696 906 752
0 725 722 831 804
0 699 721 735 753
0 613 688 651 724
0 487 691 533 727
0 518 650 532 662
0 516 603 584 665
0 605 561 613 569
0 633 610 653 632
0 387 638 407 658
0 325 623 371 669
0 367 703 415 741
0 387 732 441 770
0 340 739 362 761
0 335 756 385 792
0 396 763 468 805
0 469 777 483 787
0 483 786 501 798
0 482 761 530 793
0 515 739 563 771
0 529 779 571 801
0 593 769 611 781
0 615 768 673 804
0 664 792 682 800
0 695 749 737 779
0 154 669 194 715
0 170 687 356 817
0 216 656 262 706
0 178 657 216 701
0 219 630 241 658
0 205 595 233 629
0 230 590 256 620
0 168 613 184 629
0 144 578 180 626
0 104 604 128 640
0 81 602 105 632
0 78 572 106 606
0 177 549 189 563
0 221 528 279 600
0 293 541 337 589
0 89 536 113 578
0 84 499 110 543
0 55 492 79 544
0 163 472 179 494
0 186 458 202 480
0 231 484 247 504
0 222 501 240 523
0 167 488 223 564
0 233 444 239 452
0 69 416 87 444
0 54 384 80 428
0 56 442 74 462
0 92 263 130 305
0 151 237 191 281
0 396 469 414 487
0 358 481 378 501
0 382 504 404 528
0 407 532 423 548
0 539 554 559 574
0 466 592 486 612
0 662 244 672 252
0 523 519 541 539
0 873 409 931 493
0 488 403 578 531
0 391 733 441 769
0 810 573 890 649
0 731 618 877 746
0 415 400 483 514
0 947 583 995 667
0 78 433 92 455
0 488 463 502 477
0 423 456 457 492
0 428 439 444 453
0 167 490 221 560
0 944 494 958 510
0 970 498 982 512
0 819 549 833 567
0 709 555 893 757
0 811 575 891 653
0 462 400 496 422
0 415 376 585 550
0 739 686 753 702
0 775 620 785 634
0 786 606 796 616
0 794 627 810 641
0 891 564 899 574
