0 426 460 458 492
0 431 440 445 452
0 417 382 585 550
0 520 523 538 541
0 607 387 631 411
0 468 332 486 350
0 310 396 346 434
0 298 392 306 398
0 400 470 418 488
0 360 484 378 504
0 383 506 407 530
0 406 533 422 549
0 291 543 333 589
0 228 489 246 509
0 183 462 199 484
0 218 505 236 527
0 163 480 177 500
0 83 503 109 547
0 166 493 218 563
0 178 554 186 566
0 221 534 277 600
0 227 593 253 621
0 205 598 229 630
0 216 636 240 662
0 215 660 261 708
0 324 624 368 670
0 387 642 405 658
0 177 659 219 707
0 169 620 183 636
0 141 580 179 630
0 106 607 130 645
0 80 603 104 635
0 83 576 107 606
0 87 538 115 582
0 51 495 77 551
0 161 677 199 717
0 175 694 363 816
0 336 740 360 760
0 333 755 385 791
0 397 766 469 804
0 385 732 439 770
0 366 704 412 740
0 472 777 486 787
0 484 785 502 797
0 483 759 535 793
0 531 779 573 803
0 516 743 562 773
0 485 693 531 729
0 608 691 648 725
0 593 769 615 785
0 615 769 673 803
0 694 748 736 778
0 727 722 833 802
0 890 647 936 707
0 698 724 736 754
0 516 653 528 663
0 514 605 582 669
0 463 594 485 616
0 534 557 554 577
0 667 589 675 597
0 631 613 649 633
0 660 612 680 630
0 815 577 885 651
0 726 620 872 748
0 707 559 891 759
0 904 588 918 604
0 918 532 948 578
0 993 533 1009 563
0 870 412 934 506
0 895 554 909 574
0 895 567 903 575
0 846 543 856 559
0 817 553 833 569
0 808 562 824 578
0 677 572 689 586
0 726 566 744 584
0 768 536 792 564
0 752 488 788 526
0 826 494 844 516
0 855 499 865 511
0 841 453 859 475
0 925 412 933 422
0 778 309 802 331
0 782 373 806 411
0 628 469 638 479
0 244 353 256 367
0 144 374 180 428
0 138 344 166 376
0 90 358 108 380
0 78 390 90 412
0 55 395 73 427
0 72 420 86 444
0 75 438 89 460
0 58 443 72 467
0 148 243 186 285
