0 289 397 301 409
0 459 335 477 353
0 302 401 340 443
0 236 358 250 372
0 136 347 160 383
0 139 380 181 436
0 73 390 91 414
0 84 360 106 386
0 123 292 139 312
0 602 389 628 417
0 621 471 635 487
0 770 306 798 332
0 807 212 829 234
0 783 379 801 409
0 841 456 859 478
0 871 409 937 507
0 925 413 935 425
0 918 369 928 379
0 824 494 844 520
0 853 497 865 513
0 749 489 785 531
0 763 537 789 565
0 842 543 856 559
0 919 532 949 578
0 991 528 1011 564
0 896 551 908 569
0 906 588 914 604
0 804 561 822 579
0 721 568 739 588
0 672 574 686 590
0 661 592 671 602
0 656 612 676 634
0 891 644 939 702
0 854 696 906 752
0 717 718 831 802
0 698 722 734 754
0 610 688 654 724
0 482 690 528 726
0 518 650 532 662
0 507 606 575 668
0 605 561 613 569
0 627 614 647 636
0 375 641 395 661
0 312 626 358 672
0 353 699 401 737
0 379 726 437 768
0 325 737 347 755
0 406 756 478 798
0 522 735 570 767
0 539 774 585 800
0 601 766 619 778
0 625 764 683 800
0 184 679 224 725
0 213 670 257 716
0 214 647 236 675
0 201 606 229 640
0 222 599 248 629
0 170 631 186 647
0 145 592 181 640
0 115 622 139 658
0 93 617 117 647
0 87 586 115 620
0 175 559 187 573
0 214 538 274 612
0 283 546 327 594
0 89 550 113 592
0 84 511 110 555
0 55 503 79 555
0 159 487 175 509
0 179 470 197 494
0 221 496 239 518
0 162 501 218 573
0 233 444 239 452
0 65 425 83 453
0 51 393 77 437
0 55 452 73 472
0 84 270 122 312
0 147 245 187 289
0 396 472 414 490
0 355 487 375 509
0 378 507 400 531
0 400 533 416 549
0 526 559 546 579
0 454 592 478 616
0 662 244 672 252
0 511 522 533 544
0 873 412 931 496
0 483 405 573 533
0 415 400 483 514
0 942 585 994 671
0 73 444 87 466
0 488 463 502 477
0 423 456 457 492
0 428 439 444 453
0 943 497 957 513
0 967 503 979 517
0 816 552 830 570
0 414 381 584 555
0 739 683 753 699
0 891 564 899 574
0 796 627 812 641
0 778 612 790 626
0 789 601 799 613
0 815 570 889 658
0 870 637 880 647
0 815 571 889 657
0 724 618 876 748
0 707 555 889 757
0 322 749 378 787
0 417 791 449 801
0 478 768 492 782
0 496 780 516 790
0 492 753 542 787
0 668 785 686 799
0 464 403 502 427
0 214 513 234 537
0 406 516 422 534
0 180 709 224 749
0 210 727 406 811
